5.074096469885585048e-01
1.881318143336992155e-01
1.904132995895213565e+00
0.000000000000000000e+00
5.109183059570691077e-01
4.272544212955917131e-01
3.789746708174546730e-01
1.657032386515897848e-01
1.217581842253113583e-01
1.339115939570797442e+00
1.134842843214671104e+00
5.104288860782981718e-01
1.374618596732616549e+00
1.157366512980726014e+00
5.135356568959025259e-01
1.386901220315032157e+00
1.159118938321868741e+00
5.132104554730986257e-01
3.253056243629867117e-01
2.042975244919459143e+00
1.835964319668710876e-01
2.673869893989629376e-01
