2.620857554141337031e-01
1.662957168875265068e-01
1.785713728846679560e+00
0.000000000000000000e+00
1.676271452511266524e-01
3.418090214098070678e-01
1.365364316022654456e-01
4.154588198586146169e-02
3.415652486179943798e-02
1.386086662301642125e-01
2.456802796443623704e-01
1.198548808408731320e-01
1.187151828640744117e-01
2.307524460956201506e-01
1.145811392334763895e-01
1.066913022688510126e-01
2.309532434437288062e-01
1.131355474278733925e-01
1.895939146524624752e-01
4.022416182141453911e-01
1.853649359633046945e-01
7.531051056900812946e-02
