1.242439721588327883e-01
1.528738107547045755e-01
1.566426623659947781e+00
0.000000000000000000e+00
6.028801723900768517e-01
4.807417176013427662e-01
3.832949704475818176e-01
1.274624567064973901e-01
8.060091854117457100e-02
3.095912653124995306e-01
1.279273632677301875e-01
7.990489681177433134e-02
2.377729837797464274e-01
1.190842444298877700e-01
7.726962485587195173e-02
3.451051126633371546e-01
1.426042798078722695e-01
8.899031157147080373e-02
5.839747202715702690e-01
8.037662645302978692e-02
8.970495108884596336e-02
1.239080791091842215e-01
