1.708731726238751913e-01
1.036514842717391055e-01
1.616329000332868082e+00
0.000000000000000000e+00
1.596570118473323585e-01
1.687670185736221684e-01
2.352618304449895503e-01
2.677144187344666082e-01
1.117376038875729782e-01
2.629231061279324044e-01
2.700512234808077894e-01
1.100900055595234045e-01
2.643742814049311884e-01
2.229413302239902916e-01
9.638498540946224824e-02
2.695063802767605488e-01
2.631727305440315634e-01
9.947740008041675019e-02
3.737008671156095141e-01
3.703587741114709730e-02
6.798690607039067912e-02
8.115978992810085613e-02
