1.884208755063896679e-01
2.585963202888862389e-01
1.686647139881512825e+00
0.000000000000000000e+00
1.922572617707469789e-01
1.988986396068657403e-01
1.318330572139598533e-01
8.629151281943303609e-02
7.921800276480699121e-02
1.585134801973165641e-01
9.096245205290087732e-02
8.582283528658896099e-02
1.317283242082986916e-01
9.438802193098992654e-02
8.759221448666563992e-02
1.946880586424661330e-01
1.415549328112114535e-01
8.893328340417223921e-02
1.912529740588441163e-01
7.087768446821160473e-02
1.090255847035088710e-01
2.860018028150867475e-01
