2.439891816940883418e-01
1.410339666758512467e-01
2.117586095073269892e+00
0.000000000000000000e+00
2.043909020368677720e-01
2.589876346301299703e-01
1.347157692701952403e-01
2.098902689710601191e-02
1.744313137636898173e-02
1.976749932167193580e-01
2.387445578044643246e-02
1.963070098785396275e-02
3.023847934778434166e-01
2.988025076061290863e-01
1.551560417430757899e-01
2.768156618267557656e-01
2.571643233240779036e-01
1.307956395636558911e-01
9.056044948510807990e-02
2.588016156235745102e-02
4.416190681004488194e-01
3.219844338725381117e-01
