2.562621767757989333e-01
1.523114164005221483e-01
2.217317817669618218e+00
0.000000000000000000e+00
2.455790043626515928e-01
1.910655483892247930e-01
7.291687498474611062e-02
1.053703305979305019e-02
7.476732258816978956e-03
4.570831214064891013e-02
2.338774570741128725e-02
1.660837124161976264e-02
2.801270168700379370e-01
3.233238729842147219e-01
2.203925985385761788e-01
2.731353299148385205e-01
3.236790894301644350e-01
2.215861885032343881e-01
1.519899573744402932e-01
6.990403321392808789e-02
3.243194085465484489e-01
5.446685006706296350e-02
