-3.333477085658361622e-02
1.729542388653175500e-01
7.839156698094060793e-01
0.000000000000000000e+00
1.036607710779126890e-01
2.223564658331775579e-01
6.734601351991295060e-01
2.725436984043982935e-01
1.766555893710917424e-01
1.269621430283619068e+00
1.067324465190371052e+00
5.005732565580142124e-01
1.325646724469132121e+00
1.076203263526161358e+00
4.899140576480162657e-01
1.325339086618688933e+00
1.075047835740778446e+00
4.898341745924618684e-01
5.334835594313013241e-01
1.416459610822300208e+00
1.801482164859772028e-01
2.214252782861391433e-01
