2.601951185980351799e-01
2.146869690422344712e-01
1.530424500780888097e+00
0.000000000000000000e+00
7.578545241865825011e-02
1.506144296893268120e-01
1.661569158647635269e-01
2.101309549705460133e-01
1.566569581232608588e-01
2.322533727648152524e-01
2.876155528393531946e-01
1.452318578869502275e-01
1.625300373515813079e-01
2.866684498107835433e-01
1.415620477037492220e-01
1.638508606176546922e-01
2.879223299278007575e-01
1.417697555075067006e-01
1.784713117828454210e-01
4.486024234245339914e-01
1.534736397200727465e-01
5.416615472248272750e-02
