3.063103153536528289e-01
2.079778633230601192e-01
2.032832541413832850e+00
0.000000000000000000e+00
2.245458906633684970e-01
1.742603303686134086e-01
1.878479494353970103e-01
3.178998802542484098e-02
2.648977898709118511e-02
1.868094445942416193e-01
3.767849550077322779e-02
3.014891164179354238e-02
2.688097294613890353e-01
3.431889526089295650e-01
1.743946275007141888e-01
2.657653118434915029e-01
3.434531325790676770e-01
1.720150334671701198e-01
1.357037532701109439e-01
9.252865946321076063e-02
3.818723601424551251e-01
7.818971177005173967e-02
