2.339742299037256557e-01
2.556294682435649723e-01
2.767264865824993425e+00
0.000000000000000000e+00
1.628023271533499683e-01
2.883145946741954568e-01
2.799641290944314687e-01
1.563422017726956714e-01
1.425770148423758377e-01
2.384577806412399859e-01
1.445127336787740691e-01
1.357758038490844699e-01
2.251772440035835487e-01
1.761451367003091517e-01
1.118301472804272417e-01
2.161632885399366322e-01
1.775629629440774182e-01
1.118447358765743277e-01
2.874571224584153151e-01
2.029239097380219903e-01
1.179567180024481410e-01
6.569413828205272754e-02
