2.606120139134602831e-01
3.618523538423277230e-01
2.364468192288077475e+00
0.000000000000000000e+00
1.843197129108508914e-01
3.366119696949683715e-01
1.954809957898709649e-01
2.936629788133204300e-01
2.607814123929184658e-01
2.353805397075452166e-01
3.014009011580749964e-01
1.921292405400141234e-01
2.261602662067300207e-01
2.952892974458145581e-01
1.859928630807095862e-01
2.214247555684020208e-01
2.901393370542582617e-01
1.836800494699777908e-01
2.251810538731567335e-01
4.313199257536662334e-01
9.057748356884645635e-02
6.025267149142897460e-02
