2.940937066462108174e-01
2.576532437769170625e-01
2.190221619585866364e+00
0.000000000000000000e+00
1.609254844795668937e-01
3.832887154911107652e-01
2.372022968869617610e-01
1.698477585203690132e-01
1.383130128369627343e-01
2.605887388680231398e-01
1.585428895247197045e-01
1.418031646878009644e-01
2.526774847474730357e-01
1.586499505754365436e-01
1.405767281369518784e-01
1.476120272734150474e-01
5.099514574939507938e-02
4.189824226319261574e-02
2.588744094236249960e-01
6.685662980211626305e-02
2.476330957066693109e-02
1.726020263608193384e-01
