3.389625427395931978e-01
1.418257118169114761e-01
2.039419976274172264e+00
0.000000000000000000e+00
4.445929555242764675e-01
5.404100871209003287e-01
2.170215968259920636e-01
1.987212866182542503e-01
1.601844403189089661e-01
8.582473021497332155e-01
1.052339146886434706e+00
6.053883570267094560e-01
8.329437947030077227e-01
1.016533455409937448e+00
5.977982675532500512e-01
8.583548906362717945e-01
1.014323541348179036e+00
5.933046051570111112e-01
4.943030463986926026e-01
1.713815894557369823e+00
1.763166692511489164e-01
2.009176751764284174e-01
