1.929553910662599736e-01
1.489431955987395029e-01
1.665652626910325562e+00
0.000000000000000000e+00
2.231660369441602898e-01
2.868257223434734771e-01
8.889884191992689089e-02
1.553900271539331857e-01
1.357575096257774838e-01
3.539578574255049515e-01
3.225757103975516737e-01
2.124272896836315039e-01
3.286962345348555803e-01
3.174097734328659159e-01
2.161453909657707062e-01
3.032660989413714092e-01
3.164710972248417908e-01
2.114359291721988610e-01
1.525984354334153914e-01
4.361475850954114053e-01
2.083119285657501207e-01
6.718587559013283750e-02
