3.594100546047867550e-01
3.393056662658243128e-01
1.842927532446103411e+00
0.000000000000000000e+00
1.503196995831984073e-01
1.272133417893763774e-01
1.902406505474594778e-01
1.205713347788386486e-01
1.060394034091354520e-01
1.939758588909217818e-01
1.189633987849866154e-01
1.036974676309561638e-01
1.921115726137891111e-01
1.177444213430719339e-01
1.023094424304230310e-01
1.430111328981344687e-01
8.438145229974121364e-02
6.009476631022051679e-02
1.905621315143464223e-01
7.355427380344087274e-02
2.172138009045978049e-02
1.561677896502700058e-01
