0.0
0.11751727014780045
0.2690175771713257
0.2890010178089142
0.44035881757736206
0.3223641812801361
0.3463466465473175
0.48651012778282166
0.3526882231235504
0.27960237860679626
0.7534738779067993
0.558826208114624
0.43311724066734314
0.7079655528068542
0.5263539552688599
0.0
0.11878645420074463
0.27113232016563416
0.28973859548568726
0.4398079812526703
0.3218543231487274
0.34683284163475037
0.4862560033798218
0.3524170219898224
0.28009891510009766
0.7535503506660461
0.5587544441223145
0.4335906207561493
0.7080147862434387
0.5262324810028076
0.0
0.12112889438867569
0.2744380533695221
0.2908591032028198
0.4387536346912384
0.32092103362083435
0.3477468490600586
0.48567625880241394
0.35182303190231323
0.2814550995826721
0.7537267208099365
0.5585368871688843
0.4341433048248291
0.7078192830085754
0.5259166955947876
0.0
0.12398310750722885
0.27897879481315613
0.291731595993042
0.43791747093200684
0.32018157839775085
0.3490597605705261
0.4850044548511505
0.35109639167785645
0.2830108106136322
0.7541612386703491
0.5584431886672974
0.43471089005470276
0.7076349854469299
0.5255727767944336
0.0
0.12650392949581146
0.28320562839508057
0.292687326669693
0.4370920956134796
0.31943801045417786
0.3505450487136841
0.48436981439590454
0.3503771722316742
0.2840867340564728
0.754548966884613
0.5584630966186523
0.43560364842414856
0.7077811360359192
0.5254150629043579
0.0
0.12838353216648102
0.2854031026363373
0.2935073971748352
0.4362834393978119
0.3187224268913269
0.35174745321273804
0.48384639620780945
0.349775493144989
0.2854215204715729
0.7548124194145203
0.5583087205886841
0.43674883246421814
0.7085626125335693
0.5257008075714111
0.0
0.13033249974250793
0.28768405318260193
0.2944648861885071
0.43551746010780334
0.31802189350128174
0.3527625799179077
0.4832492172718048
0.34915873408317566
0.2871992290019989
0.7549397349357605
0.5579407215118408
0.4380124807357788
0.7099893689155579
0.5264832973480225
0.0
0.13270820677280426
0.29030677676200867
0.2954351603984833
0.4348195791244507
0.31737467646598816
0.3537549674510956
0.4827384352684021
0.3486131727695465
0.28908780217170715
0.7552762627601624
0.5577120184898376
0.43911927938461304
0.7111815810203552
0.5271401405334473
0.0
0.13509459793567657
0.2926819622516632
0.2964690625667572
0.43409043550491333
0.3166921138763428
0.3549712896347046
0.48230528831481934
0.3480819761753082
0.29039525985717773
0.7558919787406921
0.5578215718269348
0.4399997293949127
0.7121886014938354
0.5276959538459778
0.0
0.13737888634204865
0.2956482172012329
0.2977803945541382
0.43335065245628357
0.3159697651863098
0.356234610080719
0.48198238015174866
0.3476238548755646
0.29257142543792725
0.7565521001815796
0.5577307343482971
0.4407884478569031
0.7130451798439026
0.5281553864479065
0.0
0.1401347666978836
0.2991951107978821
0.2991257607936859
0.43262460827827454
0.3152477443218231
0.35716456174850464
0.4814828336238861
0.3471008539199829
0.2947143316268921
0.757148027420044
0.5576258301734924
0.4415610730648041
0.7139829397201538
0.5286493301391602
0.0
0.1428889036178589
0.302609920501709
0.3003476560115814
0.4319133460521698
0.31455570459365845
0.35802945494651794
0.48099905252456665
0.3465960621833801
0.2972269058227539
0.7576286792755127
0.5573578476905823
0.44227102398872375
0.7148095369338989
0.5290952920913696
0.0
0.1456422358751297
0.30639293789863586
0.3016955554485321
0.4312979578971863
0.3139147162437439
0.35876572132110596
0.48049110174179077
0.34609633684158325
0.2985118627548218
0.7580865621566772
0.5573773384094238
0.44306835532188416
0.7154727578163147
0.5293980836868286
0.0
0.14871054887771606
0.30977171659469604
0.30308976769447327
0.4306924641132355
0.31328171491622925
0.3596613109111786
0.4798722565174103
0.3454938530921936
0.2995518445968628
0.7583739161491394
0.5573367476463318
0.44386518001556396
0.7159921526908875
0.5295780897140503
0.0
0.15175394713878632
0.313475638628006
0.3043310344219208
0.43007829785346985
0.31266844272613525
0.3602924644947052
0.47937703132629395
0.34503456950187683
0.3000061810016632
0.7586013674736023
0.5573962330818176
0.44461145997047424
0.7166088223457336
0.5298111438751221
0.0
0.1544247716665268
0.3163412809371948
0.3052442967891693
0.42952343821525574
0.31214189529418945
0.360906183719635
0.4789115786552429
0.34459197521209717
0.3005436062812805
0.7588397860527039
0.5574293732643127
0.4449806213378906
0.7171562910079956
0.5300548076629639
0.0
0.1569174826145172
0.31864312291145325
0.30590546131134033
0.4288996756076813
0.3115997314453125
0.3615529537200928
0.47834187746047974
0.3440701961517334
0.30068835616111755
0.7590413093566895
0.5575326085090637
0.4453197717666626
0.7177327871322632
0.530285120010376
0.0
0.15926669538021088
0.3205569088459015
0.30691462755203247
0.42823532223701477
0.3109828531742096
0.361797034740448
0.47788354754447937
0.34369805455207825
0.3006778657436371
0.7591598033905029
0.5576159358024597
0.445787250995636
0.7182036638259888
0.5304692387580872
0.0
0.1616998165845871
0.32244282960891724
0.30770987272262573
0.42760780453681946
0.31041842699050903
0.36213013529777527
0.47740769386291504
0.3432962894439697
0.30097800493240356
0.7596300840377808
0.5578634738922119
0.44602787494659424
0.718608558177948
0.5306491255760193
0.0
0.17238357663154602
0.33052727580070496
0.31078097224235535
0.42457330226898193
0.30780118703842163
0.36539438366889954
0.47440627217292786
0.3405987024307251
0.30187785625457764
0.7614818811416626
0.5589472651481628
0.44669944047927856
0.7203916907310486
0.5315431952476501
0.0
0.17396612465381622
0.3314807713031769
0.3119024932384491
0.42375633120536804
0.30705249309539795
0.3658338487148285
0.47401705384254456
0.34024667739868164
0.30207324028015137
0.7618988752365112
0.5591949224472046
0.44686415791511536
0.7207627892494202
0.5317543745040894
0.0
0.17548267543315887
0.33310094475746155
0.31241777539253235
0.42324984073638916
0.3066120445728302
0.3663753271102905
0.47374850511550903
0.3399609625339508
0.3021850287914276
0.7620662450790405
0.5592874884605408
0.44708508253097534
0.7209423780441284
0.5318239331245422
0.0
0.17755858600139618
0.33522215485572815
0.31322428584098816
0.4225703179836273
0.30600735545158386
0.3665085732936859
0.4734038710594177
0.3396827280521393
0.3031429052352905
0.7628037929534912
0.5595789551734924
0.4476516544818878
0.7212326526641846
0.5319004654884338
0.0
0.17878210544586182
0.3367291986942291
0.31365400552749634
0.422228068113327
0.30569717288017273
0.366597056388855
0.4731588065624237
0.3394887447357178
0.30352142453193665
0.7630218267440796
0.5596415996551514
0.44804173707962036
0.7213709950447083
0.5319122076034546
0.0
0.18030674755573273
0.3381132185459137
0.31446513533592224
0.4216458797454834
0.3051643669605255
0.36746376752853394
0.4722684919834137
0.33870139718055725
0.3048902750015259
0.7634536623954773
0.5596282482147217
0.44895103573799133
0.7216079235076904
0.5318571925163269
0.0
0.18186292052268982
0.339964359998703
0.3150814175605774
0.42117419838905334
0.30473557114601135
0.36834126710891724
0.47153642773628235
0.33803683519363403
0.3056240975856781
0.7637186050415039
0.559647798538208
0.44978106021881104
0.7216780185699463
0.5316879153251648
0.0
0.18352429568767548
0.34330567717552185
0.3157506287097931
0.42061737179756165
0.30423852801322937
0.3696306347846985
0.47075381875038147
0.33727216720581055
0.3064919412136078
0.7638038396835327
0.5595061779022217
0.45077288150787354
0.7216845154762268
0.5314647555351257
0.0
0.1849004328250885
0.34492227435112
0.31657344102859497
0.4199586808681488
0.3036518394947052
0.37074387073516846
0.46992823481559753
0.33649370074272156
0.30758723616600037
0.7637805342674255
0.5592216849327087
0.4520670473575592
0.7216567993164062
0.5311175584793091
0.0
0.1862742304801941
0.3467728793621063
0.3180583119392395
0.419293612241745
0.3029789328575134
0.37221741676330566
0.46881526708602905
0.3354586958885193
0.30900391936302185
0.7635281085968018
0.5586861968040466
0.4533776342868805
0.721450686454773
0.5306090712547302
0.0
0.18780511617660522
0.348947674036026
0.3192980885505676
0.4186175763607025
0.3023315966129303
0.3729252815246582
0.46796631813049316
0.33472952246665955
0.3114694654941559
0.7628094553947449
0.5575501322746277
0.4542873203754425
0.7210821509361267
0.5300391316413879
0.0
0.1894567608833313
0.3505743741989136
0.3204066753387451
0.4179510772228241
0.30170780420303345
0.3737066388130188
0.46719932556152344
0.33405429124832153
0.312849760055542
0.7620621919631958
0.5566501021385193
0.4552192986011505
0.7205532193183899
0.5293042659759521
0.0
0.19089554250240326
0.35187646746635437
0.3215419352054596
0.41732800006866455
0.30111047625541687
0.3741756081581116
0.4665570855140686
0.3335132300853729
0.31420451402664185
0.7613654136657715
0.5558179616928101
0.45605236291885376
0.7198104858398438
0.5284485220909119
0.0
0.19324083626270294
0.3528991937637329
0.32236361503601074
0.4167560338973999
0.3005913197994232
0.37473586201667786
0.46599677205085754
0.3330196440219879
0.3155134916305542
0.7607125043869019
0.5550201535224915
0.4567936062812805
0.7191670536994934
0.5276519060134888
0.0
0.1950063556432724
0.35332438349723816
0.32300475239753723
0.4162350594997406
0.30013158917427063
0.37542033195495605
0.46523064374923706
0.3323604166507721
0.3166980445384979
0.7599738240242004
0.5542020797729492
0.45719289779663086
0.7185797691345215
0.5270013809204102
0.0
0.1967800110578537
0.3533414602279663
0.3239266276359558
0.4156014323234558
0.2995583117008209
0.3762071430683136
0.4643274247646332
0.33158203959465027
0.3177631199359894
0.7590832710266113
0.5533009767532349
0.4575640857219696
0.7178484797477722
0.5262507200241089
0.0
0.1982089728116989
0.35363948345184326
0.3247387409210205
0.4150374233722687
0.2990519106388092
0.37656697630882263
0.4636654853820801
0.33104240894317627
0.31882303953170776
0.7580139636993408
0.552264928817749
0.45781320333480835
0.7172405123710632
0.5256492495536804
0.0
0.20041710138320923
0.3538050353527069
0.32525449991226196
0.41449710726737976
0.2985977828502655
0.37667831778526306
0.4633396565914154
0.3307809829711914
0.319768488407135
0.7569690942764282
0.5512759685516357
0.4581770598888397
0.7165069580078125
0.5249429941177368
0.0
0.2019547075033188
0.35443466901779175
0.32564952969551086
0.41400042176246643
0.2981908917427063
0.3771311342716217
0.46285560727119446
0.33035457134246826
0.32028818130493164
0.7562943696975708
0.5506547689437866
0.4584275186061859
0.7157901525497437
0.5242875814437866
0.0
0.2077723890542984
0.35953477025032043
0.32820457220077515
0.412088006734848
0.2964894771575928
0.3790770471096039
0.4608916640281677
0.3286495506763458
0.32301732897758484
0.7534067630767822
0.5479029417037964
0.45904049277305603
0.7139493227005005
0.5226700305938721
0.0
0.2089758962392807
0.3609873652458191
0.32891812920570374
0.4116349220275879
0.2960766851902008
0.37978705763816833
0.4605925977230072
0.3283314108848572
0.3236576020717621
0.7527807354927063
0.5472973585128784
0.459208220243454
0.7135471701622009
0.5223114490509033
0.0
0.21181191504001617
0.3654906451702118
0.33082154393196106
0.41070136427879333
0.29516810178756714
0.3807480037212372
0.4598585069179535
0.3276577293872833
0.3253505527973175
0.751424252986908
0.5459259152412415
0.45959198474884033
0.712734043598175
0.5215870141983032
0.0
0.2138703465461731
0.3690618574619293
0.332463800907135
0.4100685119628906
0.2945115268230438
0.3816274404525757
0.4594636559486389
0.327239453792572
0.32688677310943604
0.7503162622451782
0.5447781085968018
0.45993223786354065
0.7119908332824707
0.5209155082702637
0.0
0.2156190574169159
0.37282416224479675
0.33382442593574524
0.4095374345779419
0.293958455324173
0.3828360140323639
0.4590277075767517
0.32674750685691833
0.3288921117782593
0.7488461136817932
0.5432661771774292
0.46035048365592957
0.711185097694397
0.5201674103736877
0.0
0.2178533673286438
0.3768908679485321
0.3352683484554291
0.40918776392936707
0.29352325201034546
0.384148508310318
0.4585551619529724
0.32621169090270996
0.32975155115127563
0.7479634284973145
0.542434573173523
0.4610203206539154
0.7101304531097412
0.5191835761070251
0.0
0.21990282833576202
0.38080430030822754
0.33612343668937683
0.4088444113731384
0.2931625247001648
0.3857255280017853
0.45821720361709595
0.32573652267456055
0.33065396547317505
0.7472516298294067
0.5417118072509766
0.46139585971832275
0.7093361616134644
0.5184726715087891
0.0
0.22196020185947418
0.3849503993988037
0.3375217318534851
0.40849313139915466
0.2927292585372925
0.3866080939769745
0.4580552279949188
0.32547619938850403
0.33082154393196106
0.7468929290771484
0.5414149761199951
0.4618628919124603
0.7085687518119812
0.5177622437477112
0.0
0.22411540150642395
0.3891550600528717
0.33858028054237366
0.4081316590309143
0.2923338711261749
0.3872445225715637
0.4578465223312378
0.32522186636924744
0.3311527967453003
0.7464908361434937
0.5410494208335876
0.4621927738189697
0.707966685295105
0.5171831846237183
0.0
0.22602473199367523
0.39359423518180847
0.3391956090927124
0.4077969193458557
0.2920095920562744
0.38745200634002686
0.45760899782180786
0.32500314712524414
0.33179694414138794
0.7459424734115601
0.5405029058456421
0.46264222264289856
0.7073982954025269
0.5165959000587463
0.0
0.22776898741722107
0.3967711329460144
0.339509516954422
0.40751397609710693
0.2917602062225342
0.3878646492958069
0.45734748244285583
0.32474005222320557
0.33268052339553833
0.74534672498703
0.539862334728241
0.4631195664405823
0.7067362666130066
0.5159322619438171
0.0
0.22997108101844788
0.40108752250671387
0.34002745151519775
0.40721940994262695
0.29147326946258545
0.38854771852493286
0.45707404613494873
0.3244202435016632
0.3336341083049774
0.7446320056915283
0.5391250848770142
0.463552862405777
0.7060691714286804
0.5152819156646729
0.0
0.23215577006340027
0.40590357780456543
0.3405744433403015
0.4068948030471802
0.29116156697273254
0.3890794813632965
0.4565947651863098
0.3239884078502655
0.33451372385025024
0.7441058158874512
0.5385414361953735
0.4640016257762909
0.7053523063659668
0.5145880579948425
0.0
0.23364202678203583
0.4088250696659088
0.34101438522338867
0.40655580163002014
0.29085224866867065
0.38953161239624023
0.4563170075416565
0.32371026277542114
0.33557653427124023
0.7434293627738953
0.5378100872039795
0.46457162499427795
0.7046670317649841
0.5138991475105286
0.0
0.23512493073940277
0.41197681427001953
0.3416192829608917
0.4061304032802582
0.29046228528022766
0.3899267911911011
0.4560181200504303
0.3234296143054962
0.3368230164051056
0.742678701877594
0.5369797945022583
0.46520286798477173
0.7039073705673218
0.5131427645683289
0.0
0.23646746575832367
0.4147410988807678
0.3421613574028015
0.4057254195213318
0.2900926172733307
0.3906571567058563
0.45564156770706177
0.323047012090683
0.3367486894130707
0.7421379685401917
0.536605954170227
0.46580982208251953
0.7031826376914978
0.5124399065971375
0.0
0.23729978501796722
0.41811802983283997
0.3428380787372589
0.40532806515693665
0.289716899394989
0.39144858717918396
0.45525386929512024
0.3226432800292969
0.33676114678382874
0.7417319416999817
0.5363093018531799
0.46620726585388184
0.7027184963226318
0.5119994282722473
0.0
0.2375699281692505
0.421054482460022
0.3435000479221344
0.4049897789955139
0.28938496112823486
0.39229103922843933
0.45489558577537537
0.3222554326057434
0.3367418348789215
0.7413456439971924
0.5360391736030579
0.46670547127723694
0.7022190690040588
0.5115271806716919
0.0
0.23730535805225372
0.4235600233078003
0.3443813920021057
0.4045793116092682
0.2889767587184906
0.3931395411491394
0.4543828070163727
0.3217655420303345
0.3372197449207306
0.7409490346908569
0.5356449484825134
0.4671820104122162
0.7017298340797424
0.5110701322555542
0.0
0.23675478994846344
0.42516210675239563
0.34559646248817444
0.4042262136936188
0.2885698676109314
0.3941274583339691
0.4540626108646393
0.3213934898376465
0.33766838908195496
0.7405394315719604
0.5352462530136108
0.46777284145355225
0.7012234926223755
0.5105683207511902
0.0
0.23593206703662872
0.4266570210456848
0.3468991219997406
0.4037584364414215
0.28807392716407776
0.3954988718032837
0.45362919569015503
0.3208921253681183
0.33931490778923035
0.7397864460945129
0.5343288779258728
0.46831730008125305
0.7007267475128174
0.5100642442703247
0.0
0.23537375032901764
0.42808932065963745
0.3481293320655823
0.40334996581077576
0.2876285910606384
0.3968064486980438
0.45333218574523926
0.3205043375492096
0.3401769995689392
0.7392234206199646
0.5337311029434204
0.46898502111434937
0.7001752853393555
0.5095033645629883
0.0
0.23463985323905945
0.4291916787624359
0.3495467007160187
0.4030861258506775
0.28726404905319214
0.39826691150665283
0.45286259055137634
0.3199627995491028
0.34091082215309143
0.7386595606803894
0.5331602692604065
0.46969321370124817
0.6996015310287476
0.5089107155799866
0.0
0.233836829662323
0.4300917387008667
0.3509620428085327
0.40282392501831055
0.28690409660339355
0.3995016813278198
0.45258405804634094
0.3195858299732208
0.34157657623291016
0.7382949590682983
0.5327425003051758
0.4703086316585541
0.6989725828170776
0.5082868337631226
0.0
0.2331763654947281
0.4308309257030487
0.35239699482917786
0.40247786045074463
0.286478728055954
0.4006977379322052
0.45236605405807495
0.3192538619041443
0.34234073758125305
0.7381183505058289
0.532439649105072
0.47083210945129395
0.6984753012657166
0.50778728723526
0.0
0.2326725572347641
0.4331069886684418
0.3543398380279541
0.402293860912323
0.2861173748970032
0.402324914932251
0.4521673321723938
0.31888389587402344
0.3428763747215271
0.7376996278762817
0.5320098400115967
0.4712853729724884
0.6980647444725037
0.507353663444519
0.0
0.23212675750255585
0.43526098132133484
0.3564775586128235
0.40226706862449646
0.28584396839141846
0.40408962965011597
0.45187023282051086
0.318419873714447
0.34302276372909546
0.737490177154541
0.5318244099617004
0.4717077910900116
0.6976033449172974
0.5068990588188171
0.0
0.23096495866775513
0.4368402659893036
0.3586115539073944
0.4022439122200012
0.28557538986206055
0.405555784702301
0.4519394636154175
0.3182591199874878
0.34357351064682007
0.7368401288986206
0.5312321782112122
0.4721842110157013
0.697182834148407
0.5064544677734375
0.0
0.22972175478935242
0.43773093819618225
0.36081045866012573
0.40212759375572205
0.285236656665802
0.4070640802383423
0.4517830014228821
0.3179410696029663
0.34538084268569946
0.735648512840271
0.5299639701843262
0.4728568494319916
0.6965159177780151
0.5057831406593323
0.0
0.22885161638259888
0.4384044110774994
0.36275264620780945
0.40202996134757996
0.28494590520858765
0.40796807408332825
0.4514714777469635
0.3175969123840332
0.3479636609554291
0.7341985106468201
0.5283367037773132
0.4739133417606354
0.6956458687782288
0.5048847198486328
0.0
0.2284913957118988
0.4396476745605469
0.3651489317417145
0.4018231928348541
0.28452086448669434
0.4088883399963379
0.4511299729347229
0.3172277808189392
0.34985238313674927
0.7330591678619385
0.527096688747406
0.47539618611335754
0.6945053339004517
0.5037094950675964
0.0
0.22854191064834595
0.4412519037723541
0.36643272638320923
0.40135520696640015
0.2840420603752136
0.40952932834625244
0.4507133662700653
0.31684941053390503
0.3518826961517334
0.7319240570068359
0.525844395160675
0.47719958424568176
0.6932095289230347
0.5023634433746338
0.0
0.22838637232780457
0.4430410861968994
0.3677855134010315
0.40093711018562317
0.28359314799308777
0.41087105870246887
0.45019710063934326
0.3163073658943176
0.35299384593963623
0.7312297224998474
0.5251104235649109
0.4790560305118561
0.6919642686843872
0.501060962677002
0.0
0.22852690517902374
0.44430649280548096
0.3692108690738678
0.4004545211791992
0.28308936953544617
0.4123859703540802
0.44973841309547424
0.3157832622528076
0.35424482822418213
0.7305733561515808
0.5243721008300781
0.4804573059082031
0.6910145282745361
0.5000761151313782
0.0
0.22874465584754944
0.4448142945766449
0.3701702654361725
0.4001062512397766
0.2827315032482147
0.41353195905685425
0.4492530822753906
0.3152919411659241
0.3554784059524536
0.7299604415893555
0.5236643552780151
0.48159492015838623
0.6901850700378418
0.4992190897464752
0.0
0.24965572357177734
0.45901453495025635
0.40905141830444336
0.3766428232192993
0.26208439469337463
0.4599737226963043
0.4198487401008606
0.2891678810119629
0.3907000422477722
0.705064058303833
0.4985767602920532
0.5119335055351257
0.6674038171768188
0.4757791757583618
0.0
0.2502419948577881
0.4595176875591278
0.40964803099632263
0.37605541944503784
0.26160913705825806
0.4607256054878235
0.41933944821357727
0.28872084617614746
0.39112648367881775
0.7048278450965881
0.49831581115722656
0.5123404860496521
0.6672094464302063
0.47553056478500366
0.0
0.2507796287536621
0.46019187569618225
0.4101316034793854
0.37548014521598816
0.2611561417579651
0.4613863527774811
0.4188849627971649
0.28831905126571655
0.3923092782497406
0.7044078707695007
0.4977549612522125
0.5128170251846313
0.6670269966125488
0.47525331377983093
0.0
0.25101611018180847
0.4603944718837738
0.4103825092315674
0.37519708275794983
0.2609284222126007
0.4616968631744385
0.4186876714229584
0.28814396262168884
0.3926659822463989
0.7042068243026733
0.4975319504737854
0.5130826234817505
0.6669114828109741
0.47509098052978516
0.0
0.25161483883857727
0.46141648292541504
0.4110211730003357
0.37450161576271057
0.2603744864463806
0.4621028006076813
0.41831278800964355
0.28783169388771057
0.39307498931884766
0.7039262652397156
0.4972414970397949
0.5136803388595581
0.6665790677070618
0.47466132044792175
0.0
0.25172901153564453
0.46160656213760376
0.41123607754707336
0.37422534823417664
0.2601602375507355
0.46245095133781433
0.41800910234451294
0.2875771224498749
0.39342495799064636
0.7037569880485535
0.49704277515411377
0.5139139294624329
0.6664635539054871
0.4745212197303772
0.0
0.25197678804397583
0.461570680141449
0.4115478992462158
0.3738432824611664
0.2598586082458496
0.46290457248687744
0.41758617758750916
0.2872253358364105
0.39389532804489136
0.70348060131073
0.4967412054538727
0.5144593119621277
0.6662287712097168
0.47421836853027344
0.0
0.25219881534576416
0.46165016293525696
0.41178327798843384
0.37354496121406555
0.2596258521080017
0.4632589817047119
0.4171968102455139
0.2869097590446472
0.3942872881889343
0.7032496333122253
0.49649035930633545
0.5151329636573792
0.6659015417098999
0.47382140159606934
0.0
0.2524389922618866
0.46206364035606384
0.4119407832622528
0.3732876479625702
0.2594279646873474
0.46366217732429504
0.4168480634689331
0.28661707043647766
0.39453068375587463
0.7030672430992126
0.4963085353374481
0.5157408714294434
0.6656144857406616
0.4734847843647003
0.0
0.25261837244033813
0.4624520242214203
0.41211435198783875
0.373036652803421
0.25923410058021545
0.4646071195602417
0.4162987470626831
0.28612056374549866
0.3947444558143616
0.7029324173927307
0.49617069959640503
0.5161954760551453
0.6653690934181213
0.4732051193714142
0.0
0.2528712749481201
0.4624657928943634
0.4124399721622467
0.37265491485595703
0.25893282890319824
0.4653327763080597
0.41579923033714294
0.2856830656528473
0.3954851031303406
0.7026185989379883
0.49580246210098267
0.516494631767273
0.6651242971420288
0.4729562997817993
0.0
0.2530151307582855
0.4624582827091217
0.41277024149894714
0.37236833572387695
0.2586992383003235
0.46586304903030396
0.4155162572860718
0.28541815280914307
0.3958052396774292
0.7024523019790649
0.4956200122833252
0.5166193246841431
0.6649960279464722
0.47283223271369934
0.0
0.2533898949623108
0.4628041982650757
0.41333985328674316
0.37182649970054626
0.2582610845565796
0.46671062707901
0.415063738822937
0.28499147295951843
0.3968718349933624
0.7019834518432617
0.49507543444633484
0.5170337557792664
0.6647135019302368
0.4725291430950165
0.0
0.25353989005088806
0.4629526436328888
0.41351282596588135
0.3716760277748108
0.2581399381160736
0.466925710439682
0.4149089455604553
0.28485599160194397
0.3971893787384033
0.7017853260040283
0.4948703944683075
0.5171790719032288
0.6645830869674683
0.47239962220191956
0.0
0.25367504358291626
0.46315798163414
0.4138793647289276
0.37138935923576355
0.25790050625801086
0.46735072135925293
0.41478651762008667
0.2847144603729248
0.39827626943588257
0.7012491226196289
0.4942705035209656
0.5174550414085388
0.664296567440033
0.4721336364746094
0.0
0.2538395822048187
0.46400922536849976
0.41411805152893066
0.3711291253566742
0.2576929032802582
0.4676452577114105
0.41466033458709717
0.2845860719680786
0.39935439825057983
0.7005253434181213
0.4935426712036133
0.517991840839386
0.6639338135719299
0.47176089882850647
0.0
0.25398433208465576
0.46471115946769714
0.4144405722618103
0.3708682060241699
0.2574748396873474
0.4679880142211914
0.41449475288391113
0.28442785143852234
0.40004655718803406
0.6999956965446472
0.4930293560028076
0.5186793804168701
0.6634392142295837
0.4712437391281128
0.0
0.2541505694389343
0.466406911611557
0.41482436656951904
0.37056219577789307
0.2572200298309326
0.46837449073791504
0.4142957925796509
0.284239798784256
0.40025556087493896
0.6997848153114319
0.49283939599990845
0.5193457007408142
0.6629169583320618
0.47072646021842957
0.0
0.25438398122787476
0.4669187068939209
0.4151710271835327
0.37030088901519775
0.2570013403892517
0.468835711479187
0.41403985023498535
0.2840029299259186
0.40079015493392944
0.6994232535362244
0.49247634410858154
0.5196912288665771
0.6625218987464905
0.4703512489795685
0.0
0.25453126430511475
0.46744993329048157
0.41555583477020264
0.3700363039970398
0.2567780017852783
0.46927231550216675
0.41383564472198486
0.283805251121521
0.4014032781124115
0.6989653706550598
0.49202799797058105
0.5200150012969971
0.6622195839881897
0.47005733847618103
0.0
0.2545052170753479
0.4676409065723419
0.41592344641685486
0.369775652885437
0.25655728578567505
0.46983516216278076
0.41353878378868103
0.2835315763950348
0.4023754596710205
0.69816654920578
0.4912738502025604
0.5205064415931702
0.6618643403053284
0.46969783306121826
0.0
0.25446900725364685
0.4678210914134979
0.41643697023391724
0.3694758713245392
0.2562936246395111
0.4704073965549469
0.41319751739501953
0.28322675824165344
0.40330442786216736
0.6975401639938354
0.49065083265304565
0.5209908485412598
0.6614677906036377
0.46930867433547974
0.0
0.2545038163661957
0.4684869647026062
0.4173640310764313
0.36911123991012573
0.25594162940979004
0.47158393263816833
0.4128316044807434
0.2828327417373657
0.40396758913993835
0.6971122622489929
0.4902184307575226
0.521601676940918
0.6609303951263428
0.46879589557647705
0.0
0.25441738963127136
0.46875959634780884
0.418290913105011
0.36870908737182617
0.2555660605430603
0.4727339446544647
0.4123467206954956
0.2823680639266968
0.40548810362815857
0.6966869235038757
0.48961231112480164
0.5223833918571472
0.6604690551757812
0.4683006703853607
0.0
0.2542034387588501
0.46887728571891785
0.41945579648017883
0.36826860904693604
0.25513869524002075
0.47427186369895935
0.4119832217693329
0.2819364666938782
0.4067520201206207
0.696094274520874
0.48893851041793823
0.523186206817627
0.6600066423416138
0.4678152799606323
0.0
0.25364062190055847
0.4686890244483948
0.4206836223602295
0.3677697479724884
0.25466710329055786
0.47597524523735046
0.41134804487228394
0.28130313754081726
0.4073251783847809
0.6957899332046509
0.4886084496974945
0.5240791440010071
0.6594943404197693
0.4672733247280121
0.0
0.25290247797966003
0.4689246416091919
0.42231953144073486
0.367300808429718
0.25417453050613403
0.4782128930091858
0.4102504253387451
0.2802976369857788
0.4082300066947937
0.6953046321868896
0.4880930483341217
0.5247262716293335
0.6590840816497803
0.46687328815460205
0.0
0.25209128856658936
0.4689309597015381
0.4240923523902893
0.3668079972267151
0.25365105271339417
0.47974416613578796
0.4096456468105316
0.2797071039676666
0.4091714322566986
0.6947405338287354
0.48751452565193176
0.5255690813064575
0.6586289405822754
0.46638453006744385
0.0
0.2508389353752136
0.46888598799705505
0.42598259449005127
0.36626166105270386
0.2530832290649414
0.4807637631893158
0.4092957675457001
0.2793484926223755
0.4100405275821686
0.6941889524459839
0.486959844827652
0.5264514684677124
0.6580665111541748
0.465805321931839
0.0
0.24958816170692444
0.46797385811805725
0.4284832775592804
0.3656923770904541
0.2524397075176239
0.4817754328250885
0.4087851643562317
0.2788844108581543
0.4113137722015381
0.6935404539108276
0.4862568974494934
0.5274608135223389
0.6573432087898254
0.4650811553001404
0.0
0.24709604680538177
0.4668459892272949
0.43051883578300476
0.36531364917755127
0.2519739270210266
0.48288851976394653
0.4081977307796478
0.27836060523986816
0.41250181198120117
0.6927946209907532
0.4855058789253235
0.528318464756012
0.656680703163147
0.464423805475235
0.0
0.2455320507287979
0.4656895697116852
0.432088166475296
0.36492785811424255
0.25154897570610046
0.483850359916687
0.407684326171875
0.27789971232414246
0.41347426176071167
0.6922024488449097
0.4848996102809906
0.5291280150413513
0.6560757756233215
0.46379661560058594
0.0
0.24419279396533966
0.4645126760005951
0.43337419629096985
0.3644845187664032
0.25111493468284607
0.4848554730415344
0.4074121415615082
0.277593195438385
0.4141536056995392
0.691717803478241
0.48442599177360535
0.5298417210578918
0.655598521232605
0.46329352259635925
0.0
0.24314355850219727
0.4642406404018402
0.43394216895103455
0.3641308844089508
0.25081396102905273
0.48568543791770935
0.40704283118247986
0.27724215388298035
0.41539308428764343
0.6911211013793945
0.48375797271728516
0.5305101275444031
0.6550136208534241
0.4627149999141693
0.0
0.24207645654678345
0.4637517035007477
0.434319406747818
0.36383989453315735
0.25057274103164673
0.48640674352645874
0.4067669212818146
0.2769617438316345
0.416146457195282
0.6907455921173096
0.48333773016929626
0.5310778021812439
0.6544739007949829
0.46219316124916077
0.0
0.24140743911266327
0.463579922914505
0.43451640009880066
0.36360248923301697
0.2503890097141266
0.4868055582046509
0.406629353761673
0.27681565284729004
0.4167259931564331
0.6902913451194763
0.48290008306503296
0.5316354632377625
0.6540923714637756
0.4617924094200134
0.0
0.24001002311706543
0.4630904793739319
0.43483343720436096
0.36334228515625
0.250175803899765
0.4873901903629303
0.4063519835472107
0.2765509784221649
0.41761982440948486
0.6896653771400452
0.4822786748409271
0.5322846174240112
0.6536085605621338
0.46131378412246704
0.0
0.2377878874540329
0.4623754620552063
0.4351368248462677
0.3630753457546234
0.24995830655097961
0.4879036247730255
0.4060375988483429
0.27626660466194153
0.4181774854660034
0.6892833113670349
0.48189184069633484
0.5330730080604553
0.6530808210372925
0.46076756715774536
0.0
0.2349741905927658
0.4613962769508362
0.435442715883255
0.36279749870300293
0.24973411858081818
0.4884380102157593
0.40571725368499756
0.2759802043437958
0.4187578856945038
0.6889050006866455
0.4815047085285187
0.5337232351303101
0.6525601744651794
0.46024513244628906
0.0
0.2325838804244995
0.4610835611820221
0.4358547329902649
0.3625229597091675
0.249501034617424
0.4889812767505646
0.40542900562286377
0.2757134437561035
0.41935423016548157
0.6884802579879761
0.4810822606086731
0.5342697501182556
0.652242124080658
0.45988672971725464
0.0
0.2303321808576584
0.4599624574184418
0.4362476170063019
0.3622034788131714
0.2492409348487854
0.4897458851337433
0.40510714054107666
0.2753984332084656
0.41981321573257446
0.6880695223808289
0.48070138692855835
0.5348080992698669
0.6519400477409363
0.4595390558242798
0.0
0.22943809628486633
0.45908623933792114
0.43690040707588196
0.36178693175315857
0.24888475239276886
0.4906410872936249
0.404841810464859
0.27510586380958557
0.4203469455242157
0.6878160834312439
0.480414479970932
0.5351844429969788
0.6516107320785522
0.45920243859291077
0.0
0.2285711020231247
0.45856648683547974
0.43777239322662354
0.3613589406013489
0.24850213527679443
0.49117642641067505
0.40465593338012695
0.27490898966789246
0.4205491840839386
0.6876567006111145
0.4802587926387787
0.5354123711585999
0.6514018774032593
0.45898762345314026
0.0
0.22765254974365234
0.4579232335090637
0.4386507570743561
0.36101233959198
0.2481740266084671
0.49159151315689087
0.4044193923473358
0.27469414472579956
0.42061808705329895
0.6875935196876526
0.4802003502845764
0.5356155037879944
0.6512367129325867
0.4588039517402649
0.0
0.226521298289299
0.4574366807937622
0.4391660988330841
0.36063820123672485
0.24786542356014252
0.49243247509002686
0.40419286489486694
0.274431437253952
0.42064130306243896
0.6875478625297546
0.4801640808582306
0.5359073877334595
0.6510586142539978
0.4585976004600525
0.0
0.2255478948354721
0.45737189054489136
0.4396154582500458
0.36025136709213257
0.2475510984659195
0.49294596910476685
0.4039284586906433
0.27418434619903564
0.42067867517471313
0.6874843835830688
0.48011183738708496
0.5362202525138855
0.6509149074554443
0.45841389894485474
0.0
0.22517766058444977
0.45742562413215637
0.4399718940258026
0.3599375784397125
0.2473006695508957
0.4933111071586609
0.40357786417007446
0.2738969326019287
0.42071282863616943
0.6873920559883118
0.4800390303134918
0.5364359617233276
0.6507944464683533
0.4582548141479492
