0.0
0.38615652918815613
0.44709113240242004
0.4476414620876312
0.3935706317424774
0.26933786273002625
0.5141184329986572
0.4495375156402588
0.30190208554267883
0.46635693311691284
0.6792042255401611
0.46528974175453186
0.569201648235321
0.6307511925697327
0.435036301612854
0.0
0.3872300088405609
0.4467230439186096
0.4477352201938629
0.3933574855327606
0.2691832482814789
0.5139129757881165
0.44866064190864563
0.3013378977775574
0.4673776924610138
0.6793526411056519
0.46519169211387634
0.5691766738891602
0.6307668089866638
0.43505382537841797
0.0
0.3882412910461426
0.44657954573631287
0.4477992355823517
0.39323848485946655
0.26909539103507996
0.5138410329818726
0.44797155261039734
0.30089154839515686
0.46761617064476013
0.679291844367981
0.46510493755340576
0.569171667098999
0.6307787895202637
0.435066282749176
0.0
0.38934919238090515
0.44638627767562866
0.44858023524284363
0.39286842942237854
0.2687658369541168
0.5138102769851685
0.44786614179611206
0.30082497000694275
0.4677458703517914
0.6792169809341431
0.46502944827079773
0.5690924525260925
0.6308386325836182
0.43514150381088257
0.0
0.3902098834514618
0.4463549256324768
0.44998663663864136
0.39243102073669434
0.26832106709480286
0.513725221157074
0.4479902684688568
0.3009200990200043
0.46767792105674744
0.6790760159492493
0.46494850516319275
0.5688951015472412
0.6308782696723938
0.4352189898490906
0.0
0.39107033610343933
0.44594842195510864
0.45103248953819275
0.39225298166275024
0.2680950164794922
0.5133308172225952
0.4485527575016022
0.3013547658920288
0.4675711989402771
0.6788637042045593
0.4648260474205017
0.5686513185501099
0.6309041380882263
0.4353194832801819
0.0
0.3917390704154968
0.44598889350891113
0.45197969675064087
0.3923923671245575
0.26809051632881165
0.5128206610679626
0.4492202699184418
0.30187201499938965
0.4679158627986908
0.6787406802177429
0.4646768271923065
0.5685257911682129
0.6309165358543396
0.435371071100235
0.0
0.3923608660697937
0.4461570382118225
0.45197126269340515
0.3924063742160797
0.2681010961532593
0.5126200318336487
0.4495514929294586
0.30211931467056274
0.4680382013320923
0.6786293983459473
0.46457719802856445
0.5685679912567139
0.6309008002281189
0.4353552460670471
0.0
0.39300432801246643
0.4463534355163574
0.4519435465335846
0.39260008931159973
0.26823514699935913
0.5123006105422974
0.4499902129173279
0.3024550974369049
0.46853554248809814
0.6784806847572327
0.46438321471214294
0.568598747253418
0.6308415532112122
0.43531057238578796
0.0
0.39383164048194885
0.44653233885765076
0.45186302065849304
0.39278435707092285
0.26837366819381714
0.5121397972106934
0.45021188259124756
0.302620530128479
0.4691098928451538
0.6783548593521118
0.4641871452331543
0.5686527490615845
0.6307435631752014
0.43523523211479187
0.0
0.39439743757247925
0.44688430428504944
0.4517636299133301
0.39312228560447693
0.26861023902893066
0.5120835304260254
0.4507067799568176
0.3029577434062958
0.4695429503917694
0.6781174540519714
0.4639442265033722
0.5687680840492249
0.6306314468383789
0.4351409375667572
0.0
0.39493271708488464
0.446940153837204
0.4512687027454376
0.3934520184993744
0.26888951659202576
0.5120619535446167
0.4512837529182434
0.3033454716205597
0.4700552523136139
0.677756130695343
0.4636000394821167
0.568847119808197
0.6305451989173889
0.43506741523742676
0.0
0.39562758803367615
0.446366548538208
0.4502750337123871
0.3937491774559021
0.26919806003570557
0.512111246585846
0.4516676366329193
0.3035961985588074
0.47083330154418945
0.6773465275764465
0.46317440271377563
0.5689111351966858
0.6304618120193481
0.43499937653541565
0.0
0.3960968554019928
0.4460292458534241
0.449960321187973
0.3939712643623352
0.26938021183013916
0.5119094252586365
0.451745867729187
0.30367395281791687
0.47194135189056396
0.6768173575401306
0.462604820728302
0.5690124034881592
0.6303205490112305
0.4348852336406708
0.0
0.3965407907962799
0.4457772970199585
0.4498002529144287
0.39411240816116333
0.2694937288761139
0.5119020938873291
0.4517895579338074
0.3037060499191284
0.47330987453460693
0.6762670278549194
0.46197256445884705
0.5691889524459839
0.6301056146621704
0.43470579385757446
0.0
0.3970690071582794
0.4454629719257355
0.4495178759098053
0.39428994059562683
0.26964548230171204
0.5118957757949829
0.4519011080265045
0.3037789762020111
0.47364017367362976
0.6759428977966309
0.4616939425468445
0.5693446397781372
0.6299000382423401
0.4345376193523407
0.0
0.3973289430141449
0.44543156027793884
0.44911813735961914
0.39442676305770874
0.26977813243865967
0.5122206807136536
0.45224180817604065
0.3039648234844208
0.47378653287887573
0.675713062286377
0.4615119397640228
0.5695194005966187
0.6296976208686829
0.43436259031295776
0.0
0.39863404631614685
0.4469352066516876
0.4492850601673126
0.3947898745536804
0.27000927925109863
0.5118165612220764
0.4524863064289093
0.30417466163635254
0.47430554032325745
0.6743900179862976
0.46052420139312744
0.5694170594215393
0.628541886806488
0.43354180455207825
0.0
0.39925503730773926
0.4472886621952057
0.44928285479545593
0.39479172229766846
0.2700110673904419
0.5111646056175232
0.45171281695365906
0.30371958017349243
0.4763215482234955
0.6738201975822449
0.4597577750682831
0.5693991184234619
0.628463089466095
0.43348389863967896
0.0
0.3994072675704956
0.44741514325141907
0.4492587149143219
0.39478740096092224
0.27000972628593445
0.5111955404281616
0.45165833830833435
0.30367714166641235
0.47694969177246094
0.6735782027244568
0.45947036147117615
0.5693821310997009
0.6284409165382385
0.43347084522247314
0.0
0.3995778262615204
0.447509229183197
0.449218213558197
0.39475205540657043
0.269988477230072
0.5113385319709778
0.45151999592781067
0.3035649061203003
0.47672685980796814
0.6730992197990417
0.45918211340904236
0.5693869590759277
0.6284124851226807
0.43344688415527344
0.0
0.39981570839881897
0.44767025113105774
0.4491700530052185
0.3946886658668518
0.2699511647224426
0.5114173293113708
0.4514218866825104
0.3034881353378296
0.47609400749206543
0.6725543737411499
0.45892587304115295
0.5693732500076294
0.628334641456604
0.4333973526954651
0.0
0.3999914526939392
0.44784343242645264
0.4491255581378937
0.39454588294029236
0.2698570489883423
0.5115259885787964
0.45129111409187317
0.30338478088378906
0.4758243262767792
0.672319233417511
0.45881229639053345
0.5693617463111877
0.6282511949539185
0.4333387315273285
0.0
0.4001501500606537
0.4479650855064392
0.4489439129829407
0.3942267894744873
0.2696557641029358
0.5116450786590576
0.45119914412498474
0.3033095598220825
0.4754588305950165
0.6721087694168091
0.4587298035621643
0.5693798661231995
0.6282354593276978
0.4333246648311615
0.0
0.4002818763256073
0.4481392800807953
0.4488846957683563
0.3940344750881195
0.26953089237213135
0.5117514133453369
0.4510335624217987
0.3031856119632721
0.47551143169403076
0.6720735430717468
0.4586915671825409
0.5693790316581726
0.6281895041465759
0.43329373002052307
0.0
0.4003051221370697
0.4481678903102875
0.4487123191356659
0.3936915099620819
0.2693125605583191
0.5118808150291443
0.4497748911380768
0.3023219704627991
0.47654134035110474
0.6720909476280212
0.45849862694740295
0.5693459510803223
0.6281055212020874
0.43323764204978943
0.0
0.4004092812538147
0.44801339507102966
0.44882771372795105
0.39357107877731323
0.26921868324279785
0.5120149850845337
0.4484396278858185
0.30140677094459534
0.4770704209804535
0.6720094680786133
0.4583372473716736
0.569303035736084
0.627949595451355
0.4331304430961609
0.0
0.4005107879638672
0.44820570945739746
0.44964051246643066
0.39318108558654785
0.2688688635826111
0.5122193694114685
0.44685810804367065
0.30031701922416687
0.47726887464523315
0.671945333480835
0.4582543969154358
0.569243311882019
0.6278288960456848
0.43304678797721863
0.0
0.40033647418022156
0.4479997754096985
0.45045220851898193
0.39276283979415894
0.2685030996799469
0.5124847888946533
0.44569048285484314
0.29949548840522766
0.4776823818683624
0.6718133091926575
0.4580843448638916
0.5692227482795715
0.6277685165405273
0.4330024719238281
0.0
0.39994141459465027
0.4472409784793854
0.45124751329421997
0.39227965474128723
0.2680911719799042
0.5126460790634155
0.4443986713886261
0.2985990047454834
0.4777751863002777
0.671768307685852
0.4580335319042206
0.5692227482795715
0.6276978254318237
0.4329511821269989
0.0
0.39956727623939514
0.4468604326248169
0.45137283205986023
0.3920992314815521
0.2679554522037506
0.512641429901123
0.44347068667411804
0.2979668080806732
0.4774385690689087
0.6714708805084229
0.4578939974308014
0.5692387819290161
0.6276276111602783
0.4328978955745697
0.0
0.3992815613746643
0.4464993476867676
0.45148077607154846
0.3917948007583618
0.2677374482154846
0.5126122832298279
0.442478209733963
0.2972889542579651
0.4755951464176178
0.6704583168029785
0.4575461149215698
0.5692477822303772
0.6275030374526978
0.43280893564224243
0.0
0.39905765652656555
0.44599318504333496
0.4516105353832245
0.3914371728897095
0.26747754216194153
0.5125864148139954
0.4413776397705078
0.2965390384197235
0.47520342469215393
0.6702762246131897
0.45749175548553467
0.5691560506820679
0.6273015141487122
0.4326878488063812
0.0
0.3988643288612366
0.44560930132865906
0.4517092704772949
0.39113491773605347
0.2672618627548218
0.5127588510513306
0.44043487310409546
0.2958735525608063
0.4737178087234497
0.6695972084999084
0.4572998285293579
0.5690578818321228
0.6271604299545288
0.432608962059021
0.0
0.39845389127731323
0.4443945288658142
0.452126681804657
0.3901321589946747
0.2665305435657501
0.5126184821128845
0.43639177083969116
0.2931350767612457
0.4713722765445709
0.6686036586761475
0.4570508301258087
0.568039059638977
0.6263155341148376
0.43221282958984375
0.0
0.398384153842926
0.4441075921058655
0.45222967863082886
0.38990968465805054
0.2663677930831909
0.5121421217918396
0.4349914491176605
0.29222941398620605
0.4716484844684601
0.6686102151870728
0.45699721574783325
0.5678344964981079
0.6261278986930847
0.43210339546203613
0.0
0.3982739746570587
0.44321349263191223
0.45263925194740295
0.3895132541656494
0.2660555839538574
0.5116026997566223
0.43335816264152527
0.29117444157600403
0.47263219952583313
0.6686364412307739
0.4568200707435608
0.5676244497299194
0.6259308457374573
0.4319899380207062
0.0
0.3982095718383789
0.4422452747821808
0.45326223969459534
0.3890549838542938
0.2656817138195038
0.5112800598144531
0.43225836753845215
0.29045727849006653
0.47327977418899536
0.668624758720398
0.4566815495491028
0.5675386190414429
0.6258432269096375
0.4319354295730591
0.0
0.3978671133518219
0.4412471652030945
0.4537680447101593
0.3886672854423523
0.2653648555278778
0.511339545249939
0.43146687746047974
0.2899075448513031
0.4737403988838196
0.6684615612030029
0.45648080110549927
0.5674611926078796
0.6257026195526123
0.431842565536499
0.0
0.39750465750694275
0.4414233863353729
0.4534798264503479
0.387361615896225
0.26450052857398987
0.5113720297813416
0.4308638870716095
0.28949210047721863
0.4737437963485718
0.6684086322784424
0.45644456148147583
0.5674704313278198
0.625648558139801
0.4318014085292816
0.0
0.3972582519054413
0.441794216632843
0.4533984661102295
0.38630083203315735
0.26378002762794495
0.511391282081604
0.4305509626865387
0.28927507996559143
0.47364580631256104
0.668384313583374
0.4564463198184967
0.567489504814148
0.6255705952644348
0.4317418932914734
0.0
0.39717888832092285
0.44146203994750977
0.45338091254234314
0.38539934158325195
0.2631673514842987
0.5113949179649353
0.4306778907775879
0.28936031460762024
0.4735126197338104
0.6683692932128906
0.4564587473869324
0.5675107836723328
0.6255196332931519
0.43169987201690674
0.0
0.3969998061656952
0.4412555396556854
0.45331600308418274
0.384594202041626
0.26261964440345764
0.5114496350288391
0.43068376183509827
0.2893550992012024
0.4733526110649109
0.6683112978935242
0.456450492143631
0.5675867199897766
0.6254614591598511
0.4316388964653015
0.0
0.39650142192840576
0.4408721327781677
0.4533173739910126
0.3842749297618866
0.26239868998527527
0.5115061402320862
0.4306362271308899
0.289315402507782
0.47320616245269775
0.6683629751205444
0.4565117657184601
0.567643940448761
0.6253490447998047
0.43154340982437134
0.0
0.3960350751876831
0.44081610441207886
0.45323583483695984
0.38405370712280273
0.26225364208221436
0.5114503502845764
0.43080323934555054
0.289432168006897
0.47319647669792175
0.6683797836303711
0.4565249979496002
0.5677568912506104
0.6251480579376221
0.431362122297287
0.0
0.3954014182090759
0.44140902161598206
0.4532090127468109
0.38387295603752136
0.26213452219963074
0.5113080739974976
0.4311060309410095
0.2896499037742615
0.4731682240962982
0.6684056520462036
0.45654839277267456
0.5679087042808533
0.6249523758888245
0.43117162585258484
0.0
0.3944084644317627
0.4413275420665741
0.45314720273017883
0.3837853968143463
0.2620770335197449
0.5108385682106018
0.4314117431640625
0.28990837931632996
0.4731641709804535
0.6684051752090454
0.4565467834472656
0.5680243968963623
0.6247780323028564
0.4310130178928375
0.0
0.3935926854610443
0.4406558573246002
0.4530893564224243
0.38377824425697327
0.26207977533340454
0.5103522539138794
0.43166109919548035
0.2901245057582855
0.4731571078300476
0.6684194207191467
0.456556111574173
0.5681567788124084
0.624582052230835
0.43084007501602173
0.0
0.39304229617118835
0.4407205581665039
0.45298776030540466
0.3838057816028595
0.2621062397956848
0.5100515484809875
0.43184998631477356
0.2902817726135254
0.47315019369125366
0.6684341430664062
0.4565652906894684
0.5681917071342468
0.6245006918907166
0.43077340722084045
0.0
0.3924880623817444
0.44063839316368103
0.45295029878616333
0.38381722569465637
0.2621193528175354
0.5097644329071045
0.43206310272216797
0.2904539406299591
0.4731596112251282
0.6684498190879822
0.45657163858413696
0.5682326555252075
0.6243790984153748
0.4306676387786865
0.0
0.391961008310318
0.44045597314834595
0.4529317617416382
0.3838350772857666
0.26213130354881287
0.5096200704574585
0.432176411151886
0.2905407249927521
0.4731844365596771
0.6684678196907043
0.45657774806022644
0.5682618021965027
0.6242623329162598
0.43056994676589966
0.0
0.39138686656951904
0.4411497414112091
0.45291242003440857
0.38385719060897827
0.26214835047721863
0.5096300840377808
0.4323654770851135
0.2906636595726013
0.47319334745407104
0.6684674024581909
0.45657408237457275
0.5683260560035706
0.6241533160209656
0.43047741055488586
0.0
0.39086779952049255
0.44149789214134216
0.45285698771476746
0.38390111923217773
0.2621839940547943
0.5097969174385071
0.43259984254837036
0.29079070687294006
0.473209947347641
0.6684563755989075
0.45656272768974304
0.5685442686080933
0.6240232586860657
0.4303357005119324
0.0
0.39020031690597534
0.4431806802749634
0.4527954161167145
0.38393929600715637
0.26221710443496704
0.5099906325340271
0.43284475803375244
0.29092416167259216
0.4732620120048523
0.6684522032737732
0.4565475881099701
0.5688741207122803
0.6239190101623535
0.4301883578300476
0.0
0.38967645168304443
0.44336870312690735
0.4527658522129059
0.38397398591041565
0.26223963499069214
0.5101433396339417
0.4332227408885956
0.2911534607410431
0.47331613302230835
0.6684613823890686
0.45654135942459106
0.5691507458686829
0.6237043142318726
0.4299587905406952
0.0
0.3892350196838379
0.4440858066082001
0.4527556300163269
0.3840387463569641
0.2622840106487274
0.5101349353790283
0.43345099687576294
0.29130542278289795
0.4734734296798706
0.6685265302658081
0.45654988288879395
0.5694377422332764
0.623535692691803
0.42975568771362305
0.0
0.3890552818775177
0.44475430250167847
0.45270901918411255
0.38411685824394226
0.2623419165611267
0.5101414918899536
0.43363386392593384
0.291422039270401
0.473610520362854
0.6685889363288879
0.45656314492225647
0.5697005391120911
0.6234083771705627
0.4295918643474579
0.0
0.38911452889442444
0.44534730911254883
0.4526539742946625
0.38423898816108704
0.2624313235282898
0.5101630091667175
0.43402084708213806
0.29167523980140686
0.4736778140068054
0.6686607599258423
0.4565947651863098
0.5700744986534119
0.6232471466064453
0.4293777048587799
0.0
0.38923248648643494
0.4460979104042053
0.4526013731956482
0.3843453526496887
0.26250550150871277
0.5100215077400208
0.4347038269042969
0.29214850068092346
0.4738261103630066
0.6687170267105103
0.4566026031970978
0.5701751112937927
0.6231492161750793
0.4292697608470917
0.0
0.38937869668006897
0.44722044467926025
0.45238161087036133
0.3844752013683319
0.26261618733406067
0.5096702575683594
0.43623295426368713
0.2932220995426178
0.47405359148979187
0.6688299179077148
0.4566376209259033
0.5702487826347351
0.623026967048645
0.4291474223136902
0.0
0.3895105719566345
0.44794636964797974
0.45180171728134155
0.3847027122974396
0.2628282606601715
0.5094937086105347
0.4376199543476105
0.2941712737083435
0.4740220010280609
0.6687988638877869
0.45662206411361694
0.5703001022338867
0.6229014992713928
0.42903125286102295
0.0
0.38970234990119934
0.4491155445575714
0.4512169063091278
0.3850438892841339
0.2631203830242157
0.5092983841896057
0.4384150803089142
0.29472848773002625
0.4741098880767822
0.6687948703765869
0.4566001892089844
0.5703275799751282
0.6227658987045288
0.42890727519989014
0.0
0.3896767795085907
0.45081761479377747
0.4507004916667938
0.38540300726890564
0.26341813802719116
0.5090555548667908
0.43900275230407715
0.2951527237892151
0.4743093252182007
0.6687960624694824
0.456563800573349
0.5703116059303284
0.6226783394813538
0.42883947491645813
0.0
0.389667809009552
0.4520442485809326
0.4503287076950073
0.3857174515724182
0.26367324590682983
0.5087220668792725
0.43985921144485474
0.2957688868045807
0.4752828776836395
0.668913722038269
0.4564586281776428
0.5703086256980896
0.6226370334625244
0.42879992723464966
0.0
0.3895625174045563
0.4525783360004425
0.4497057795524597
0.38612425327301025
0.26401287317276
0.5083068013191223
0.4416190981864929
0.29700782895088196
0.47565436363220215
0.6688437461853027
0.45633837580680847
0.5703558325767517
0.6225745677947998
0.42873111367225647
0.0
0.38929060101509094
0.4530426263809204
0.4490765631198883
0.3865826427936554
0.26439037919044495
0.5078986883163452
0.4427676796913147
0.2978285253047943
0.47602078318595886
0.6689303517341614
0.45632418990135193
0.5703989267349243
0.6224848628044128
0.4286447763442993
0.0
0.38917312026023865
0.4527287781238556
0.4482264816761017
0.3872072696685791
0.2649047076702118
0.5075994729995728
0.44365498423576355
0.2984587550163269
0.4773346483707428
0.6692675948143005
0.4562986195087433
0.5704637169837952
0.6224130392074585
0.42856791615486145
0.0
0.38896870613098145
0.45217469334602356
0.44740593433380127
0.3878993093967438
0.26545917987823486
0.50734543800354
0.4444149136543274
0.2990017533302307
0.47733840346336365
0.6692325472831726
0.4562753438949585
0.5705378651618958
0.6223313808441162
0.4284822642803192
0.0
0.388828307390213
0.45202842354774475
0.4465472400188446
0.38859429955482483
0.2660256624221802
0.5068271160125732
0.44651949405670166
0.300493061542511
0.47739848494529724
0.6691959500312805
0.4562397599220276
0.570525586605072
0.6222653985023499
0.42842862010002136
0.0
0.39986181259155273
0.46084973216056824
0.422172486782074
0.46949392557144165
0.3243546187877655
0.4842298924922943
0.5410484671592712
0.3676304817199707
0.4806780517101288
0.6757981777191162
0.46014583110809326
0.577151894569397
0.6311367154121399
0.4334769546985626
0.0
0.4006989598274231
0.4608979821205139
0.421367347240448
0.4698464870452881
0.32469427585601807
0.4842004179954529
0.5410614609718323
0.36764341592788696
0.48136571049690247
0.6764284372329712
0.46044450998306274
0.5771891474723816
0.6312938332557678
0.4335789680480957
0.0
0.4015672206878662
0.46085667610168457
0.4210365414619446
0.47006723284721375
0.3248848021030426
0.4841928780078888
0.5410719513893127
0.367652028799057
0.48141834139823914
0.6765609383583069
0.46052271127700806
0.5772514343261719
0.6314968466758728
0.43370750546455383
0.0
0.4020494520664215
0.46075549721717834
0.42092061042785645
0.47018471360206604
0.3249783217906952
0.48413050174713135
0.5410462617874146
0.36764439940452576
0.48139750957489014
0.6766128540039062
0.4605628252029419
0.5772611498832703
0.6316906213760376
0.43384137749671936
0.0
0.4023646414279938
0.46064406633377075
0.4208759665489197
0.4702717959880829
0.32504215836524963
0.4839487671852112
0.5409643650054932
0.3676130473613739
0.48136261105537415
0.6767666339874268
0.4606713056564331
0.5772570967674255
0.6319899559020996
0.43405401706695557
0.0
0.40268126130104065
0.4605126678943634
0.4208582937717438
0.47043752670288086
0.3251573145389557
0.48368364572525024
0.5410431623458862
0.3677067458629608
0.4811004400253296
0.6769837141036987
0.46086767315864563
0.5771719813346863
0.6322882771492004
0.43428412079811096
0.0
0.40316784381866455
0.46069100499153137
0.4211037755012512
0.47088348865509033
0.32542866468429565
0.48299890756607056
0.5412940979003906
0.3679770827293396
0.48052629828453064
0.6772716641426086
0.4611755907535553
0.5770625472068787
0.6326857209205627
0.43458646535873413
0.0
0.40361350774765015
0.46054700016975403
0.4210757911205292
0.4709736108779907
0.32549411058425903
0.48284539580345154
0.5411732196807861
0.36791330575942993
0.4800715744495392
0.6776652336120605
0.4615313410758972
0.5768037438392639
0.6330494284629822
0.4348921477794647
0.0
0.40430423617362976
0.4604296386241913
0.42104560136795044
0.47102800011634827
0.32553809881210327
0.4827220141887665
0.5413382053375244
0.3680456876754761
0.47938257455825806
0.6783735752105713
0.462148517370224
0.5766658186912537
0.6333713531494141
0.4351540803909302
0.0
0.404651403427124
0.4603782594203949
0.421017587184906
0.471047967672348
0.3255518674850464
0.482351154088974
0.5417126417160034
0.3683584928512573
0.4793790876865387
0.6787973642349243
0.4624406695365906
0.5766254663467407
0.6335882544517517
0.43532103300094604
0.0
0.40539953112602234
0.4603709876537323
0.4212995767593384
0.4714655876159668
0.32580652832984924
0.48154178261756897
0.5423460006713867
0.36891263723373413
0.47924894094467163
0.6789959669113159
0.4626012146472931
0.5765544176101685
0.6340134739875793
0.4356417953968048
0.0
0.40638622641563416
0.46090346574783325
0.4221000373363495
0.4727746546268463
0.3266037404537201
0.4806351065635681
0.5429644584655762
0.3694682717323303
0.4789966940879822
0.6792804598808289
0.4628461003303528
0.5764780044555664
0.634611189365387
0.43608197569847107
0.0
0.4078253209590912
0.46162140369415283
0.42283111810684204
0.4741610586643219
0.3274643123149872
0.48036637902259827
0.5434436798095703
0.3698325455188751
0.47863754630088806
0.6797326803207397
0.46322548389434814
0.5764130353927612
0.6348685026168823
0.4362817406654358
0.0
0.4092443883419037
0.462406188249588
0.4233126938343048
0.47519442439079285
0.32811397314071655
0.4799845814704895
0.5441415905952454
0.3703624904155731
0.4783623516559601
0.6801517009735107
0.4635656774044037
0.5763490200042725
0.6351572275161743
0.4364992082118988
0.0
0.4105668365955353
0.4632595181465149
0.4241495728492737
0.47694164514541626
0.329206258058548
0.47943544387817383
0.5453718900680542
0.37128326296806335
0.4779803454875946
0.6806043982505798
0.463954359292984
0.5763429403305054
0.6355940103530884
0.43681997060775757
0.0
0.4114947021007538
0.46394315361976624
0.42454999685287476
0.478436678647995
0.33018621802330017
0.47887134552001953
0.5464580059051514
0.3721085786819458
0.4776861369609833
0.6810151934623718
0.46429508924484253
0.5762625336647034
0.6360657215118408
0.43717995285987854
0.0
0.4122394621372223
0.46468162536621094
0.4246293008327484
0.48000872135162354
0.3312658667564392
0.4782480001449585
0.5477216839790344
0.3730626702308655
0.47745439410209656
0.681351900100708
0.464572012424469
0.5761573910713196
0.6367604732513428
0.4377075731754303
0.0
0.41290083527565
0.46509018540382385
0.4246997535228729
0.4819800555706024
0.3326144218444824
0.4775265157222748
0.5487197637557983
0.373857319355011
0.4771120846271515
0.681795597076416
0.46494171023368835
0.5760456919670105
0.6373285055160522
0.43813782930374146
0.0
0.4135134220123291
0.46545299887657166
0.42455577850341797
0.4836426377296448
0.3337862193584442
0.4769812524318695
0.5495271682739258
0.3744933009147644
0.47654157876968384
0.6823679804801941
0.46544501185417175
0.5758935809135437
0.6379408836364746
0.43861454725265503
0.0
0.4141174554824829
0.46593788266181946
0.4241003394126892
0.4842093884944916
0.3342340290546417
0.4765358567237854
0.550191342830658
0.3750150203704834
0.4760928452014923
0.6829138398170471
0.46590444445610046
0.5757781863212585
0.638464629650116
0.43901509046554565
0.0
0.4144071042537689
0.4660998582839966
0.423846036195755
0.48468318581581116
0.3345939815044403
0.4752402901649475
0.5510197877883911
0.37577489018440247
0.47545167803764343
0.68359375
0.4664931893348694
0.5756125450134277
0.6390126347541809
0.43944287300109863
0.0
0.4146406352519989
0.46616482734680176
0.4235636293888092
0.48552173376083374
0.33521145582199097
0.4742811322212219
0.5517229437828064
0.3763987123966217
0.4749669134616852
0.6842064261436462
0.46700435876846313
0.5753535628318787
0.6398867964744568
0.4401232898235321
0.0
0.4149133861064911
0.4660998582839966
0.4234504997730255
0.48589223623275757
0.33548402786254883
0.4739864766597748
0.551908016204834
0.37656763195991516
0.47475337982177734
0.6845102906227112
0.4672517478466034
0.5752331614494324
0.640314519405365
0.4404534697532654
0.0
0.41524800658226013
0.46600738167762756
0.4232933819293976
0.48634016513824463
0.33581212162971497
0.4736180901527405
0.55199134349823
0.3766750693321228
0.47439441084861755
0.6850259304046631
0.4676723778247833
0.5750700831413269
0.6408581137657166
0.4408782720565796
0.0
0.4154444932937622
0.4659484922885895
0.4231974482536316
0.48661506175994873
0.33601680397987366
0.4728392958641052
0.5521352291107178
0.37688082456588745
0.47368136048316956
0.6858193874359131
0.4683515131473541
0.5749260783195496
0.6414787769317627
0.4413488805294037
0.0
0.4155655801296234
0.46569502353668213
0.4231185019016266
0.4868174195289612
0.33616772294044495
0.47247833013534546
0.5521548986434937
0.37693992257118225
0.47325441241264343
0.6863789558410645
0.46881476044654846
0.574740469455719
0.6421486139297485
0.44185736775398254
0.0
0.41560646891593933
0.4655192494392395
0.4231109619140625
0.4871695935726166
0.33641138672828674
0.4719471037387848
0.5517476201057434
0.376725971698761
0.47280892729759216
0.686891496181488
0.46925029158592224
0.5746370553970337
0.643141508102417
0.44258370995521545
0.0
0.415603369474411
0.46546295285224915
0.42313680052757263
0.4874339699745178
0.33658936619758606
0.47161319851875305
0.5515466332435608
0.3766326308250427
0.47237879037857056
0.6874024868011475
0.4696843922138214
0.5745777487754822
0.6438864469528198
0.443124383687973
0.0
0.41535425186157227
0.46488454937934875
0.4231199622154236
0.4875389635562897
0.3366639018058777
0.4714773893356323
0.5517176985740662
0.3767671287059784
0.47217857837677
0.6879880428314209
0.47011855244636536
0.5744689702987671
0.6440818309783936
0.44328171014785767
0.0
0.4152413606643677
0.46429988741874695
0.42310211062431335
0.48760831356048584
0.3367158770561218
0.47140100598335266
0.5518088936805725
0.37684082984924316
0.47200334072113037
0.6883740425109863
0.4704143702983856
0.574285089969635
0.6443387866020203
0.44349706172943115
0.0
0.4151642322540283
0.4637242555618286
0.42306971549987793
0.4877025783061981
0.33678367733955383
0.47128379344940186
0.5518088936805725
0.3768550753593445
0.4719051420688629
0.6886469125747681
0.4706181585788727
0.5740980505943298
0.6445804238319397
0.44369634985923767
0.0
0.4153134822845459
0.46339261531829834
0.4230048358440399
0.4878082573413849
0.33686575293540955
0.47126802802085876
0.5514852404594421
0.37663617730140686
0.4718207120895386
0.6888646483421326
0.4707831144332886
0.5738397836685181
0.644783079624176
0.44388294219970703
0.0
0.4157193899154663
0.46263474225997925
0.4221131503582001
0.4879354238510132
0.3370685577392578
0.4712778925895691
0.5512188673019409
0.3764488101005554
0.4717484414577484
0.6890512704849243
0.47092384099960327
0.5737707018852234
0.6449072360992432
0.4439772963523865
0.0
0.4161917269229889
0.46046677231788635
0.42066144943237305
0.4875238239765167
0.336967796087265
0.4712778925895691
0.550895094871521
0.37622565031051636
0.4716765582561493
0.689160168170929
0.4710131585597992
0.5736930966377258
0.6450329422950745
0.4440784454345703
0.0
0.41655999422073364
0.4588163197040558
0.41851890087127686
0.48653677105903625
0.3365527391433716
0.47114160656929016
0.5501236319541931
0.37571266293525696
0.47154930233955383
0.6892567276954651
0.47110286355018616
0.573594868183136
0.6451692581176758
0.4441937208175659
0.0
0.4169824421405792
0.45599186420440674
0.41795769333839417
0.48614630103111267
0.3363514244556427
0.4706234335899353
0.5489770770072937
0.3749971389770508
0.4715085029602051
0.6893107295036316
0.4711477756500244
0.5735466480255127
0.6452612280845642
0.44427403807640076
0.0
0.4172196090221405
0.4550943076610565
0.41776999831199646
0.4858570098876953
0.33617639541625977
0.4702819287776947
0.5478757619857788
0.3742859959602356
0.47147515416145325
0.689346194267273
0.4711786210536957
0.5735269784927368
0.6453289985656738
0.44432491064071655
0.0
0.417465478181839
0.4547460675239563
0.41773414611816406
0.4856463670730591
0.3360327184200287
0.4700344502925873
0.5467880964279175
0.3735722601413727
0.4714592695236206
0.6893649697303772
0.4711945056915283
0.5734978914260864
0.6453647017478943
0.44435709714889526
0.0
0.41794079542160034
0.4542498290538788
0.4176689088344574
0.4853500425815582
0.3358358144760132
0.4698672890663147
0.5456008315086365
0.3727811276912689
0.4715563952922821
0.6894568800926208
0.47123822569847107
0.5733937621116638
0.645458459854126
0.4444470703601837
0.0
0.4183430075645447
0.4540759325027466
0.4175283908843994
0.48491352796554565
0.335552841424942
0.4693092107772827
0.5439866185188293
0.37175363302230835
0.4715774953365326
0.6895385980606079
0.47128957509994507
0.5733131766319275
0.6455183625221252
0.4445076584815979
0.0
0.4188653230667114
0.45381903648376465
0.4175063371658325
0.48457854986190796
0.3353259563446045
0.4691254496574402
0.5419115424156189
0.37035688757896423
0.47089165449142456
0.6896377205848694
0.471493124961853
0.5731266736984253
0.6456103324890137
0.44461020827293396
0.0
0.4194408655166626
0.4535751938819885
0.41751500964164734
0.4842570126056671
0.33510398864746094
0.4691113531589508
0.5397500991821289
0.3688744306564331
0.4690517485141754
0.6895549893379211
0.4717923700809479
0.572847306728363
0.6456863880157471
0.4447249472141266
0.0
0.42013028264045715
0.4535382091999054
0.4176151156425476
0.48400065302848816
0.3349151015281677
0.469036340713501
0.5383365154266357
0.36791345477104187
0.4673868417739868
0.689489483833313
0.4720717668533325
0.5726004242897034
0.6456979513168335
0.4447871446609497
0.0
0.4209347367286682
0.4535500407218933
0.41772621870040894
0.48355981707572937
0.3345946967601776
0.46893662214279175
0.5363674759864807
0.36657941341400146
0.46744808554649353
0.6895207762718201
0.4720788598060608
0.5722945332527161
0.6456416845321655
0.4448074996471405
0.0
0.4222041964530945
0.45275330543518066
0.4178268313407898
0.48286938667297363
0.334107905626297
0.46882858872413635
0.5348133444786072
0.3655329942703247
0.46761074662208557
0.6895254850387573
0.47204989194869995
0.5721593499183655
0.645606279373169
0.4448052942752838
0.0
0.42312344908714294
0.45202380418777466
0.4179111421108246
0.4818648397922516
0.33340340852737427
0.46884259581565857
0.5335182547569275
0.3646421730518341
0.4678111672401428
0.6894944906234741
0.4719886779785156
0.5720829367637634
0.6456000208854675
0.44481486082077026
0.0
0.4238479435443878
0.4514382779598236
0.41803330183029175
0.4809124767780304
0.33273234963417053
0.4687516987323761
0.5316435098648071
0.3633667528629303
0.4681187868118286
0.689445436000824
0.47189268469810486
0.5720670819282532
0.6455816626548767
0.44480347633361816
0.0
0.42625024914741516
0.44106316566467285
0.41473931074142456
0.45233917236328125
0.31336256861686707
0.4702243208885193
0.505215585231781
0.3449742794036865
0.4776879549026489
0.6830703020095825
0.46564432978630066
0.5696958899497986
0.6407120823860168
0.4415602385997772
0.0
0.42645907402038574
0.44132113456726074
0.41514813899993896
0.45073825120925903
0.3122042119503021
0.47100791335105896
0.5032272934913635
0.3435085713863373
0.47817936539649963
0.682654619216919
0.46526584029197693
0.5696704983711243
0.6403900980949402
0.441311776638031
0.0
0.4265899062156677
0.4413825273513794
0.4157843291759491
0.4493979811668396
0.3112011253833771
0.471553236246109
0.5020514130592346
0.3426307439804077
0.47889283299446106
0.6820847392082214
0.46474453806877136
0.5697469711303711
0.6400870084762573
0.4410666525363922
0.0
0.4266948997974396
0.4414786398410797
0.41625261306762695
0.44823336601257324
0.3103450536727905
0.4720061123371124
0.501275360584259
0.3420369625091553
0.4797329306602478
0.6815882325172424
0.46424636244773865
0.5698943734169006
0.6397600173950195
0.44079655408859253
