0.0
0.20040063560009003
0.45819634199142456
0.16266140341758728
0.37687355279922485
0.2864646017551422
0.1872142255306244
0.40987154841423035
0.31724879145622253
0.21414706110954285
0.3674347400665283
0.28501012921333313
0.4745396077632904
0.3782341182231903
0.29416778683662415
0.0
0.2003640979528427
0.45806238055229187
0.16273021697998047
0.3767547905445099
0.2863690257072449
0.18689115345478058
0.4096824526786804
0.3171291649341583
0.2141209840774536
0.3674446940422058
0.28500843048095703
0.4745175838470459
0.37816405296325684
0.2941087782382965
0.0
0.20020170509815216
0.45785650610923767
0.16279864311218262
0.3766232132911682
0.286259263753891
0.18667256832122803
0.4096405506134033
0.3171044886112213
0.21405364573001862
0.36774885654449463
0.28522545099258423
0.47449982166290283
0.37808525562286377
0.29404217004776
0.0
0.19959266483783722
0.45770975947380066
0.16284938156604767
0.37650004029273987
0.28615710139274597
0.18666614592075348
0.4095092713832855
0.31698155403137207
0.21398264169692993
0.36767110228538513
0.28515976667404175
0.4744969606399536
0.37803053855895996
0.293991357088089
0.0
0.1991535723209381
0.45775941014289856
0.1628449708223343
0.37640225887298584
0.2860783040523529
0.18666709959506989
0.4093707799911499
0.3168520927429199
0.21390292048454285
0.3676156997680664
0.28510192036628723
0.4744681119918823
0.37793248891830444
0.2939043343067169
0.0
0.19879776239395142
0.4576770067214966
0.16292913258075714
0.37626391649246216
0.28596022725105286
0.18672522902488708
0.4091545045375824
0.3166576623916626
0.21379618346691132
0.36760643124580383
0.2850777506828308
0.47440290451049805
0.3777862787246704
0.2937606871128082
0.0
0.1981850564479828
0.45810049772262573
0.16299378871917725
0.37610897421836853
0.28583574295043945
0.18675798177719116
0.40890976786613464
0.31644779443740845
0.21364162862300873
0.3676271438598633
0.28507670760154724
0.4743482172489166
0.3775928020477295
0.2935609519481659
0.0
0.19718994200229645
0.4581660032272339
0.16305145621299744
0.3759901821613312
0.2857329845428467
0.18675123155117035
0.4086947441101074
0.316256582736969
0.21345150470733643
0.3676546812057495
0.28509554266929626
0.474249929189682
0.3773927688598633
0.29332974553108215
0.0
0.19633625447750092
0.4580235481262207
0.16309954226016998
0.37576156854629517
0.2855527400970459
0.1867695301771164
0.40843188762664795
0.3160293996334076
0.21327106654644012
0.36755847930908203
0.28499889373779297
0.47419628500938416
0.37731122970581055
0.2932427227497101
0.0
0.19565923511981964
0.45797353982925415
0.16316817700862885
0.3755098879337311
0.28535038232803345
0.1866876631975174
0.40808913111686707
0.3157471716403961
0.2132181078195572
0.3674393892288208
0.28489139676094055
0.474145770072937
0.3772418200969696
0.2931761145591736
0.0
0.19477428495883942
0.45776036381721497
0.16327345371246338
0.3753049075603485
0.2851807475090027
0.18658646941184998
0.4078466594219208
0.3155490458011627
0.21314571797847748
0.3674123287200928
0.28485238552093506
0.47412213683128357
0.37712740898132324
0.29307276010513306
0.0
0.1937742680311203
0.4580448567867279
0.16350282728672028
0.3750521242618561
0.28496307134628296
0.18649519979953766
0.40774115920066833
0.31546181440353394
0.21317951381206512
0.3673746585845947
0.2847796082496643
0.4741370379924774
0.3768879473209381
0.29286348819732666
0.0
0.19275043904781342
0.45827624201774597
0.163986936211586
0.37475457787513733
0.28468072414398193
0.1863514482975006
0.4077608585357666
0.3154720067977905
0.21308286488056183
0.3674805164337158
0.28485408425331116
0.47414591908454895
0.3766384720802307
0.2926069498062134
0.0
0.19223511219024658
0.45809242129325867
0.16450713574886322
0.3745289742946625
0.284446120262146
0.18625780940055847
0.40788963437080383
0.3155497908592224
0.2130676507949829
0.3675024211406708
0.2848339080810547
0.4742051661014557
0.3764903247356415
0.29244595766067505
0.0
0.19191351532936096
0.45795777440071106
0.1652783900499344
0.3744449019432068
0.2842993140220642
0.18618859350681305
0.4082004129886627
0.31576964259147644
0.21303974092006683
0.36748069524765015
0.284809947013855
0.47428634762763977
0.3764951825141907
0.29240748286247253
0.0
0.19166836142539978
0.45779770612716675
0.16623100638389587
0.3744998276233673
0.2842293977737427
0.1861959993839264
0.4085046648979187
0.315979540348053
0.2130453735589981
0.36736056208610535
0.2847059965133667
0.4742810130119324
0.37643325328826904
0.2923235297203064
0.0
0.19149650633335114
0.45775577425956726
0.16711948812007904
0.3747211992740631
0.28429484367370605
0.1862545907497406
0.40888383984565735
0.3162316679954529
0.2131124585866928
0.3670716881752014
0.28445059061050415
0.4742654860019684
0.376391738653183
0.2922724187374115
0.0
0.1906902939081192
0.45865291357040405
0.16956453025341034
0.3758573830127716
0.284862756729126
0.187852680683136
0.4103938639163971
0.3170597553253174
0.21371245384216309
0.36468595266342163
0.2823866605758667
0.4743046164512634
0.37419435381889343
0.2903015613555908
0.0
0.19083145260810852
0.4587794542312622
0.16997270286083221
0.3759361207485199
0.2848704159259796
0.188334658741951
0.41033634543418884
0.3169108033180237
0.21367760002613068
0.36392146348953247
0.28176116943359375
0.47428596019744873
0.3735315799713135
0.28972357511520386
0.0
0.19097813963890076
0.45912039279937744
0.17012697458267212
0.3759440779685974
0.2848547101020813
0.18839895725250244
0.41033169627189636
0.3168874680995941
0.21366439759731293
0.3635377883911133
0.28144288063049316
0.47428739070892334
0.37325215339660645
0.2894580662250519
0.0
0.19118528068065643
0.4594988524913788
0.17029446363449097
0.3759133815765381
0.2848135530948639
0.1884075403213501
0.41031765937805176
0.31687235832214355
0.21371610462665558
0.36333656311035156
0.2812619209289551
0.4743046164512634
0.3730090260505676
0.2892424762248993
0.0
0.19167743623256683
0.45907238125801086
0.1706552803516388
0.3758099675178528
0.2846866846084595
0.1884339600801468
0.41029390692710876
0.3168436586856842
0.2137894481420517
0.36308810114860535
0.2810193598270416
0.474322110414505
0.37251606583595276
0.2888033092021942
0.0
0.19223448634147644
0.4591425955295563
0.17075634002685547
0.375781387090683
0.2846527099609375
0.1885901242494583
0.4102761149406433
0.31679144501686096
0.2138652801513672
0.362830251455307
0.2807929813861847
0.4743199050426483
0.37219807505607605
0.28851667046546936
0.0
0.1930212676525116
0.45865899324417114
0.17088747024536133
0.37575164437294006
0.28461429476737976
0.18898332118988037
0.4102640151977539
0.31670379638671875
0.21392257511615753
0.36258211731910706
0.2805792987346649
0.47431206703186035
0.3718149960041046
0.2881825566291809
0.0
0.1940242052078247
0.4578588008880615
0.17100554704666138
0.37571462988853455
0.28457289934158325
0.18918786942958832
0.4101448953151703
0.3165682554244995
0.213930144906044
0.362345427274704
0.2803850769996643
0.4742729067802429
0.37147000432014465
0.28789278864860535
0.0
0.19420281052589417
0.4577951431274414
0.1711994856595993
0.37565159797668457
0.284505158662796
0.18925093114376068
0.4100577235221863
0.3164878189563751
0.21397478878498077
0.36209699511528015
0.28017866611480713
0.4742352068424225
0.3708476424217224
0.2873992621898651
0.0
0.1945888102054596
0.457968533039093
0.17169731855392456
0.37549641728401184
0.2843326926231384
0.18930256366729736
0.409968763589859
0.31640625
0.21402250230312347
0.3617992103099823
0.2799326181411743
0.4742160141468048
0.3696275055408478
0.2864770293235779
0.0
0.19467510282993317
0.45917001366615295
0.17193752527236938
0.3753008246421814
0.2841586172580719
0.189562126994133
0.40953323245048523
0.3160138726234436
0.21405281126499176
0.3614850342273712
0.2796742916107178
0.47417646646499634
0.3691125810146332
0.28607431054115295
0.0
0.19488205015659332
0.4594990015029907
0.17198942601680756
0.3751494288444519
0.2840369641780853
0.18989966809749603
0.4089490473270416
0.31549543142318726
0.21413949131965637
0.361238569021225
0.27946236729621887
0.4741174578666687
0.3684212267398834
0.2855548560619354
0.0
0.19536161422729492
0.45975738763809204
0.1720702052116394
0.37498849630355835
0.2839040160179138
0.19028010964393616
0.4083559513092041
0.3149627149105072
0.21418549120426178
0.3611603081226349
0.27938997745513916
0.47401508688926697
0.3677370846271515
0.28502264618873596
0.0
0.19559545814990997
0.4606495797634125
0.1725270301103592
0.374600350856781
0.283560574054718
0.19084432721138
0.40772777795791626
0.314374178647995
0.21419109404087067
0.36112555861473083
0.2793605923652649
0.4739956259727478
0.36698928475379944
0.284451425075531
0.0
0.19523660838603973
0.46235114336013794
0.17344675958156586
0.37402063608169556
0.2830257713794708
0.19090841710567474
0.4075726270675659
0.3142411410808563
0.2142138034105301
0.36106768250465393
0.27931150794029236
0.47404342889785767
0.36606472730636597
0.2837803363800049
0.0
0.194310262799263
0.46429336071014404
0.17494893074035645
0.37336084246635437
0.2823686897754669
0.19101457297801971
0.40746569633483887
0.31413641571998596
0.21422165632247925
0.36103445291519165
0.27928274869918823
0.47405949234962463
0.3657841980457306
0.2835782468318939
0.0
0.19328954815864563
0.466044545173645
0.1764533817768097
0.37287601828575134
0.2818456292152405
0.1912175863981247
0.40753984451293945
0.31414586305618286
0.21418380737304688
0.360914945602417
0.27918803691864014
0.4740341603755951
0.36568671464920044
0.28350943326950073
0.0
0.19170120358467102
0.4679701626300812
0.1774958074092865
0.37267324328422546
0.2815804183483124
0.19146956503391266
0.40780308842658997
0.31429263949394226
0.21416053175926208
0.3608504831790924
0.27913159132003784
0.4739709496498108
0.36558666825294495
0.2834452986717224
0.0
0.19108393788337708
0.4689885973930359
0.17804723978042603
0.3725455403327942
0.28142398595809937
0.19168150424957275
0.40821725130081177
0.314561665058136
0.21413837373256683
0.3607630133628845
0.2790552079677582
0.4739483594894409
0.3655800223350525
0.2834455072879791
0.0
0.1885557919740677
0.4706196188926697
0.17896099388599396
0.372744619846344
0.2814624011516571
0.19168995320796967
0.4082466661930084
0.3145591616630554
0.21433518826961517
0.36061525344848633
0.27884456515312195
0.47398191690444946
0.3654696047306061
0.2833600342273712
0.0
0.18714633584022522
0.47137606143951416
0.1795240044593811
0.3729974031448364
0.28158578276634216
0.19136305153369904
0.40826889872550964
0.31459981203079224
0.21446992456912994
0.36096543073654175
0.27904242277145386
0.47403520345687866
0.3652183711528778
0.28316575288772583
0.0
0.18623977899551392
0.4722016453742981
0.18002668023109436
0.3733780086040497
0.28180769085884094
0.1911071538925171
0.4083295464515686
0.3146606683731079
0.21450689435005188
0.36092981696128845
0.2789924442768097
0.4740542471408844
0.36516112089157104
0.2831220030784607
0.0
0.18556451797485352
0.4727828800678253
0.1803104132413864
0.37368181347846985
0.28200116753578186
0.19075319170951843
0.4084431529045105
0.3147742748260498
0.2146448940038681
0.36113399267196655
0.2791149318218231
0.4740729331970215
0.3651083707809448
0.2830806076526642
0.0
0.1849185824394226
0.4730229079723358
0.18037454783916473
0.37383413314819336
0.28210631012916565
0.19031855463981628
0.40858015418052673
0.31491711735725403
0.2148437649011612
0.3616083860397339
0.2794288694858551
0.4740768373012543
0.36506396532058716
0.2830447554588318
0.0
0.183925598859787
0.47298088669776917
0.1803399920463562
0.3739648461341858
0.2822045683860779
0.18989208340644836
0.40882161259651184
0.3151404559612274
0.21485298871994019
0.361734539270401
0.279523104429245
0.47407853603363037
0.36504408717155457
0.28302833437919617
0.0
0.18306615948677063
0.47289714217185974
0.18022464215755463
0.37414950132369995
0.28235435485839844
0.1894836574792862
0.4090786874294281
0.3153696060180664
0.21485942602157593
0.3620067834854126
0.2797224223613739
0.4740782678127289
0.36498013138771057
0.2829766571521759
0.0
0.1822369247674942
0.472738116979599
0.18012285232543945
0.3742819130420685
0.28246453404426575
0.18903757631778717
0.40933048725128174
0.31561124324798584
0.21482251584529877
0.362174391746521
0.2798489034175873
0.47407737374305725
0.3649856448173523
0.2829815745353699
0.0
0.1814194619655609
0.4728919267654419
0.17988482117652893
0.374495267868042
0.28264346718788147
0.18870581686496735
0.40965551137924194
0.315895140171051
0.21479931473731995
0.3626335561275482
0.28018319606781006
0.47403571009635925
0.364967942237854
0.28297603130340576
0.0
0.18061493337154388
0.4729437232017517
0.17979617416858673
0.37461990118026733
0.2827451825141907
0.18845368921756744
0.40994858741760254
0.3161436915397644
0.21473973989486694
0.36263522505760193
0.2801857888698578
0.4740343987941742
0.36501386761665344
0.28301700949668884
0.0
0.17970483005046844
0.47258859872817993
0.1796618103981018
0.37476271390914917
0.28286564350128174
0.18829166889190674
0.41016462445259094
0.31632518768310547
0.2146667242050171
0.3626330494880676
0.28017932176589966
0.4740297198295593
0.36502623558044434
0.28302982449531555
0.0
0.17860202491283417
0.47270265221595764
0.17956872284412384
0.3749355971813202
0.2830039858818054
0.1881999373435974
0.4103083908557892
0.31644606590270996
0.21442848443984985
0.36247608065605164
0.2800760567188263
0.4740157425403595
0.3650470972061157
0.2830469012260437
0.0
0.1778162270784378
0.4727749228477478
0.17947526276111603
0.37521788477897644
0.28322482109069824
0.18800964951515198
0.41053083539009094
0.3166365921497345
0.2140873223543167
0.36193475127220154
0.2796870172023773
0.47401443123817444
0.3650636374950409
0.28306055068969727
0.0
0.17741714417934418
0.4728003144264221
0.17931725084781647
0.3753998577594757
0.28337642550468445
0.1878686398267746
0.41059938073158264
0.316686749458313
0.2139674872159958
0.3619108498096466
0.27967384457588196
0.4740126132965088
0.365064799785614
0.28306204080581665
0.0
0.1768583506345749
0.4722227454185486
0.1786033660173416
0.375718355178833
0.2836834788322449
0.1876690685749054
0.41046780347824097
0.31658223271369934
0.21374140679836273
0.3621678352355957
0.2798825800418854
0.4739367365837097
0.36514878273010254
0.2831151783466339
0.0
0.17654775083065033
0.47090137004852295
0.17640073597431183
0.3754684627056122
0.2837071120738983
0.18723921477794647
0.41027045249938965
0.31644415855407715
0.21350213885307312
0.3625110387802124
0.28015732765197754
0.47392863035202026
0.3651586174964905
0.2831166684627533
0.0
0.17644862830638885
0.4708386957645416
0.17559359967708588
0.37545204162597656
0.2837688624858856
0.18685361742973328
0.41004249453544617
0.3162788152694702
0.21331724524497986
0.36276692152023315
0.2803620398044586
0.4739292860031128
0.3651542663574219
0.28311240673065186
0.0
0.17617098987102509
0.47057977318763733
0.17495782673358917
0.37541186809539795
0.2837967276573181
0.1861811876296997
0.40976205468177795
0.31609824299812317
0.21309159696102142
0.3629521429538727
0.28051450848579407
0.47392407059669495
0.36514243483543396
0.28310513496398926
0.0
0.17570479214191437
0.4699391722679138
0.1742403656244278
0.3752533495426178
0.28374138474464417
0.18509937822818756
0.4095841348171234
0.316060870885849
0.2128894329071045
0.363198846578598
0.28071293234825134
0.473840594291687
0.3654342591762543
0.2832568287849426
0.0
0.17526471614837646
0.4694938063621521
0.17332272231578827
0.37505555152893066
0.28367772698402405
0.1845775693655014
0.4094383120536804
0.3159835636615753
0.2120915800333023
0.3631637990474701
0.2807546854019165
0.4738234877586365
0.36563536524772644
0.2833789885044098
0.0
0.1748064160346985
0.4689328074455261
0.17248709499835968
0.3748691976070404
0.28361615538597107
0.18401585519313812
0.40916842222213745
0.31581875681877136
0.21098415553569794
0.3629046380519867
0.2806430160999298
0.4738699793815613
0.3659118115901947
0.2835693061351776
0.0
0.1744726300239563
0.46849632263183594
0.17139145731925964
0.3746549189090729
0.2835599184036255
0.18320493400096893
0.4085244834423065
0.3153878450393677
0.2102540135383606
0.3628440201282501
0.2806481719017029
0.47390225529670715
0.36623668670654297
0.28378501534461975
0.0
0.17420047521591187
0.46794915199279785
0.17010021209716797
0.3742271363735199
0.28336066007614136
0.18220829963684082
0.40769830346107483
0.314827024936676
0.20960216224193573
0.3630157709121704
0.2808278203010559
0.4739411771297455
0.3665095567703247
0.28397995233535767
0.0
0.17372733354568481
0.4670063555240631
0.16897152364253998
0.37375056743621826
0.28310537338256836
0.18115200102329254
0.40689992904663086
0.31429532170295715
0.20907440781593323
0.3631918132305145
0.2810036838054657
0.4739375114440918
0.36681100726127625
0.28420665860176086
0.0
0.17354412376880646
0.46619942784309387
0.16766218841075897
0.37306806445121765
0.28271162509918213
0.17976117134094238
0.40598341822624207
0.31371352076530457
0.20863687992095947
0.3635193407535553
0.2812829613685608
0.4739012122154236
0.3670720160007477
0.2843995988368988
0.0
0.17343536019325256
0.46436524391174316
0.1662929505109787
0.3723078668117523
0.2822606563568115
0.178646981716156
0.40510323643684387
0.3131323754787445
0.20820075273513794
0.3637341856956482
0.28147464990615845
0.4737991988658905
0.3673813045024872
0.2846291661262512
0.0
0.17323318123817444
0.46198928356170654
0.16466501355171204
0.371442586183548
0.2817523777484894
0.17795568704605103
0.4048106372356415
0.31294888257980347
0.2075023353099823
0.3640761375427246
0.2818014621734619
0.4737356901168823
0.3673454523086548
0.2846083641052246
0.0
0.1731574386358261
0.45899906754493713
0.16262349486351013
0.37025973200798035
0.2810417115688324
0.1776597946882248
0.4045946002006531
0.31279048323631287
0.20639392733573914
0.36426007747650146
0.28204357624053955
0.47371792793273926
0.3673593997955322
0.2846249043941498
0.0
0.1735900342464447
0.4572927951812744
0.1610654890537262
0.369599312543869
0.2806774377822876
0.17729011178016663
0.4042991101741791
0.3125818073749542
0.20547953248023987
0.36449873447418213
0.2822970151901245
0.4736829102039337
0.3673733174800873
0.2846302092075348
0.0
0.17409177124500275
0.4556742012500763
0.15913508832454681
0.36866626143455505
0.28014764189720154
0.17722149193286896
0.4041408896446228
0.31244978308677673
0.20436705648899078
0.3646729290485382
0.2825244069099426
0.4736635684967041
0.3673464357852936
0.2846079170703888
0.0
0.17457561194896698
0.4542069137096405
0.15861669182777405
0.36830204725265503
0.27991795539855957
0.1769934743642807
0.4039798676967621
0.31234079599380493
0.20366187393665314
0.3650345802307129
0.2828579545021057
0.47363612055778503
0.36736470460891724
0.2846094071865082
0.0
0.174687460064888
0.4533456563949585
0.1567816287279129
0.3669774830341339
0.2790818214416504
0.17676380276679993
0.40377649664878845
0.31219780445098877
0.20339824259281158
0.3652500808238983
0.2830362319946289
0.4736426770687103
0.36745214462280273
0.2846730947494507
0.0
0.17513887584209442
0.45281872153282166
0.1557629257440567
0.3661484718322754
0.2785477340221405
0.176637664437294
0.4037262797355652
0.31216731667518616
0.20299330353736877
0.3653802275657654
0.2831813097000122
0.4736226797103882
0.36766862869262695
0.2848339080810547
0.0
0.1772877424955368
0.45170858502388
0.15429334342479706
0.36512991786003113
0.2779086232185364
0.1766054332256317
0.40378451347351074
0.3122117817401886
0.2019190490245819
0.3651677966117859
0.2831345796585083
0.4736085534095764
0.36900368332862854
0.2857551872730255
0.0
0.17870131134986877
0.45083415508270264
0.1535952091217041
0.3646649122238159
0.27761951088905334
0.17659729719161987
0.4038083255290985
0.3122290372848511
0.20094425976276398
0.3645099401473999
0.28271397948265076
0.4735892117023468
0.3699728548526764
0.28645405173301697
0.0
0.17940646409988403
0.4506475329399109
0.15320278704166412
0.3645412027835846
0.27756035327911377
0.17659525573253632
0.40381062030792236
0.3122329115867615
0.19995158910751343
0.3638615012168884
0.282294899225235
0.4735696017742157
0.3703978955745697
0.2867671549320221
0.0
0.1805465668439865
0.45027297735214233
0.1530640721321106
0.36449572443962097
0.27753621339797974
0.17654843628406525
0.4038081765174866
0.3122371733188629
0.199403777718544
0.3633001744747162
0.28190433979034424
0.4735599458217621
0.3704293370246887
0.28679391741752625
0.0
0.22335083782672882
0.44910043478012085
0.16070456802845
0.3724018931388855
0.28290727734565735
0.18555384874343872
0.4049457609653473
0.31211432814598083
0.19426888227462769
0.3674626052379608
0.2857052683830261
0.4738048017024994
0.36892104148864746
0.28562870621681213
0.0
0.22403386235237122
0.4503680169582367
0.16081777215003967
0.37236782908439636
0.2828758955001831
0.18599627912044525
0.4044107496738434
0.31166136264801025
0.1941295862197876
0.3663741648197174
0.2848612666130066
0.4738093912601471
0.36882483959198
0.2855493724346161
0.0
0.22425375878810883
0.45032185316085815
0.16104356944561005
0.3722570538520813
0.28277528285980225
0.18621724843978882
0.40409645438194275
0.3113974928855896
0.194133922457695
0.36605456471443176
0.2846102714538574
0.4738147258758545
0.3687034845352173
0.28545117378234863
0.0
0.2241341769695282
0.45043906569480896
0.16151569783687592
0.37208086252212524
0.28260454535484314
0.18645404279232025
0.4037157893180847
0.31108567118644714
0.194133922457695
0.36592382192611694
0.28451260924339294
0.4738349914550781
0.36846277117729187
0.2852639853954315
0.0
0.22419317066669464
0.45043453574180603
0.1618034392595291
0.3719419836997986
0.28247585892677307
0.1866324096918106
0.40340691804885864
0.3108265995979309
0.19414782524108887
0.36591583490371704
0.28450536727905273
0.47383275628089905
0.36821097135543823
0.2850656807422638
0.0
0.22407463192939758
0.4506271481513977
0.16222579777240753
0.37172937393188477
0.2822824716567993
0.18682023882865906
0.40311315655708313
0.3105805516242981
0.19415955245494843
0.3659258186817169
0.28451451659202576
0.4738200902938843
0.3681342899799347
0.2850048243999481
0.0
0.22387389838695526
0.4507145881652832
0.16253253817558289
0.3715182840824127
0.28209730982780457
0.1870415359735489
0.40286558866500854
0.31036654114723206
0.19417840242385864
0.3659449815750122
0.2845291495323181
0.4738156497478485
0.36807599663734436
0.2849617898464203
0.0
0.22377857565879822
0.450786292552948
0.16297578811645508
0.3712940812110901
0.2818908393383026
0.1871863752603531
0.4025919735431671
0.31014180183410645
0.19420002400875092
0.36596331000328064
0.28454360365867615
0.4738164246082306
0.36804354190826416
0.28492915630340576
0.0
0.22364772856235504
0.45076891779899597
0.163267582654953
0.37110593914985657
0.28172174096107483
0.1873694807291031
0.40236493945121765
0.3099497854709625
0.19426611065864563
0.36598196625709534
0.2845518887042999
0.4738200902938843
0.3680206537246704
0.2849104702472687
0.0
0.2236047238111496
0.4507412612438202
0.16357861459255219
0.3708820343017578
0.2815224826335907
0.18758854269981384
0.4021572768688202
0.30976641178131104
0.19481892883777618
0.3667096197605133
0.28505825996398926
0.47386032342910767
0.3679210841655731
0.28482183814048767
0.0
0.2233734428882599
0.4506944715976715
0.1637125164270401
0.37070339918136597
0.28137847781181335
0.18771442770957947
0.4020141065120697
0.30964183807373047
0.196165069937706
0.36810681223869324
0.28597480058670044
0.47391360998153687
0.367969810962677
0.2847997546195984
0.0
0.2231004387140274
0.4507940709590912
0.1639193892478943
0.3704621195793152
0.28117966651916504
0.18872171640396118
0.4010991156101227
0.30881041288375854
0.1972890943288803
0.36849287152290344
0.28614357113838196
0.4739264249801636
0.36789971590042114
0.284717857837677
0.0
0.2229786515235901
0.45073798298835754
0.16408511996269226
0.3703674376010895
0.2810930907726288
0.18882302939891815
0.40097910165786743
0.3087038993835449
0.19757473468780518
0.3684428930282593
0.28607112169265747
0.473908394575119
0.3683833181858063
0.2850131094455719
0.0
0.22268681228160858
0.45079120993614197
0.16469447314739227
0.37008029222488403
0.28081685304641724
0.18889255821704865
0.40089723467826843
0.308632493019104
0.19787755608558655
0.36807334423065186
0.2857513725757599
0.47398531436920166
0.3705002963542938
0.286444753408432
0.0
0.2225731611251831
0.4509424865245819
0.16494803130626678
0.3699270188808441
0.2806791663169861
0.1889176368713379
0.40087082982063293
0.3086099326610565
0.19820503890514374
0.3677980899810791
0.2854905426502228
0.4739684760570526
0.37047216296195984
0.28641924262046814
0.0
0.22250403463840485
0.4512748718261719
0.1652483195066452
0.36974695324897766
0.28051450848579407
0.1889677792787552
0.4008181095123291
0.3085628151893616
0.1987684816122055
0.3674231171607971
0.28512775897979736
0.4738873541355133
0.3704576790332794
0.28636690974235535
0.0
0.222415953874588
0.4514451324939728
0.16541020572185516
0.3696106970310211
0.2803982198238373
0.18897825479507446
0.40078970789909363
0.30854102969169617
0.19899143278598785
0.36710089445114136
0.28485003113746643
0.47379449009895325
0.3706069588661194
0.2864148020744324
0.0
0.22234947979450226
0.45154595375061035
0.16543808579444885
0.36957472562789917
0.2803672254085541
0.18898016214370728
0.4007751941680908
0.30852946639060974
0.199032723903656
0.3669879734516144
0.28475669026374817
0.4737887382507324
0.370724618434906
0.2864852547645569
0.0
0.22219617664813995
0.4518985152244568
0.16550973057746887
0.3694070279598236
0.2802349328994751
0.18898649513721466
0.4006384313106537
0.3084224462509155
0.19913670420646667
0.3667355477809906
0.28454509377479553
0.4737634062767029
0.37088316679000854
0.28656139969825745
0.0
0.22190169990062714
0.45170846581459045
0.16552601754665375
0.3693477511405945
0.28019118309020996
0.18901950120925903
0.4005509912967682
0.3083503842353821
0.1991586983203888
0.3666501045227051
0.2844741642475128
0.47376900911331177
0.3710697889328003
0.28669676184654236
0.0
0.22150975465774536
0.451610267162323
0.16553902626037598
0.3692222535610199
0.2800958752632141
0.18904423713684082
0.40051141381263733
0.308318167924881
0.19916954636573792
0.3663789927959442
0.28425490856170654
0.47380414605140686
0.37129852175712585
0.28683286905288696
0.0
0.22117771208286285
0.45192524790763855
0.16556616127490997
0.3691403269767761
0.28002968430519104
0.18907245993614197
0.4004591107368469
0.3082726001739502
0.19916623830795288
0.36614665389060974
0.2840676009654999
0.4738349914550781
0.3715777099132538
0.28701990842819214
0.0
0.22099804878234863
0.45206525921821594
0.16551588475704193
0.3687838315963745
0.27976322174072266
0.18920624256134033
0.4004130959510803
0.3082205355167389
0.19917045533657074
0.36590248346328735
0.2838718593120575
0.47386932373046875
0.3715844452381134
0.28702202439308167
0.0
0.22075155377388
0.45195692777633667
0.16497452557086945
0.36752283573150635
0.27886298298835754
0.18931016325950623
0.4003988802433014
0.3081999123096466
0.19921021163463593
0.3657805323600769
0.283766508102417
0.4738765358924866
0.37157148122787476
0.2870098054409027
0.0
0.22052687406539917
0.45190995931625366
0.16478823125362396
0.36654001474380493
0.2781399190425873
0.18946656584739685
0.4004153907299042
0.3082001209259033
0.19936977326869965
0.36550331115722656
0.28351518511772156
0.47385627031326294
0.3714599907398224
0.2869323194026947
0.0
0.22049935162067413
0.4510022699832916
0.1646384745836258
0.3656346797943115
0.2774672508239746
0.1895228922367096
0.4004433751106262
0.3082175850868225
0.19965578615665436
0.36515894532203674
0.28319817781448364
0.47385430335998535
0.37131184339523315
0.28681814670562744
0.0
0.22113586962223053
0.44965943694114685
0.16453951597213745
0.364806592464447
0.2768498957157135
0.18965889513492584
0.4005274474620819
0.3082810640335083
0.1999356895685196
0.3648877739906311
0.2829408049583435
0.4738590121269226
0.371211439371109
0.28673383593559265
0.0
0.22185105085372925
0.4483569860458374
0.16424159705638885
0.3638603091239929
0.2761612832546234
0.18987597525119781
0.4006161093711853
0.30834195017814636
0.20030659437179565
0.36453670263290405
0.28261396288871765
0.4738672375679016
0.37114885449409485
0.2866828441619873
0.0
0.22268088161945343
0.44677478075027466
0.1636938750743866
0.36266547441482544
0.2753067910671234
0.19007262587547302
0.40068596601486206
0.3083912432193756
0.20074407756328583
0.3645062744617462
0.2825295329093933
0.4738955795764923
0.3710768520832062
0.28662148118019104
0.0
0.22336268424987793
0.44540584087371826
0.16373702883720398
0.362557590007782
0.2752183973789215
0.1902901828289032
0.4007412791252136
0.30842775106430054
0.2013908177614212
0.3647661805152893
0.2826438844203949
0.4739256203174591
0.371051549911499
0.2865913510322571
0.0
0.22345979511737823
0.4448593258857727
0.1643345206975937
0.36237215995788574
0.27502357959747314
0.19053205847740173
0.4008449912071228
0.30849510431289673
0.2022026777267456
0.3653166592121124
0.28297752141952515
0.4739365875720978
0.3710799813270569
0.2866065204143524
0.0
0.2236461192369461
0.44419121742248535
0.16486887633800507
0.3623676300048828
0.2749726474285126
0.19140911102294922
0.40099313855171204
0.30852022767066956
0.20233173668384552
0.36529597640037537
0.2829510569572449
0.4739353060722351
0.37112173438072205
0.2866375148296356
0.0
0.22409798204898834
0.4429457187652588
0.16541817784309387
0.362620085477829
0.2751137614250183
0.19232524931430817
0.4010966718196869
0.30849215388298035
0.20253007113933563
0.36518633365631104
0.2828506827354431
0.4739437699317932
0.37111696600914
0.2866339385509491
0.0
0.2249324768781662
0.44184622168540955
0.16598695516586304
0.3628208339214325
0.275213360786438
0.1928960084915161
0.4009128212928772
0.3082892894744873
0.2028324007987976
0.36490750312805176
0.2826026380062103
0.4739595949649811
0.3711894452571869
0.2866811454296112
0.0
0.22519928216934204
0.4416656792163849
0.16672521829605103
0.3629494607448578
0.27524229884147644
0.19339409470558167
0.40061137080192566
0.3080015778541565
0.20328283309936523
0.3646722435951233
0.2823725640773773
0.4739951193332672
0.37126171588897705
0.28672879934310913
0.0
0.22549378871917725
0.4412742257118225
0.16750173270702362
0.36294880509376526
0.27517169713974
0.19367828965187073
0.40050071477890015
0.30788615345954895
0.20367248356342316
0.3644683063030243
0.28218019008636475
0.47420504689216614
0.37166863679885864
0.2869822084903717
0.0
0.22568351030349731
0.4411187469959259
0.168317049741745
0.3629835546016693
0.2751188278198242
0.1941552311182022
0.40028953552246094
0.30766600370407104
0.20406903326511383
0.3643029034137726
0.2820225954055786
0.47431036829948425
0.37189194560050964
0.28713440895080566
0.0
0.22573570907115936
0.44212380051612854
0.16913802921772003
0.3631080687046051
0.27513593435287476
0.19460144639015198
0.40002375841140747
0.30740705132484436
0.2042786329984665
0.36421453952789307
0.2819386124610901
0.4743455946445465
0.3720344603061676
0.28723815083503723
0.0
0.22577059268951416
0.4426673650741577
0.1696775108575821
0.3631458282470703
0.2751063108444214
0.19523261487483978
0.3997138738632202
0.3070956766605377
0.20450739562511444
0.364191472530365
0.28189876675605774
0.4743521213531494
0.3721897006034851
0.28735804557800293
0.0
0.2254449874162674
0.44241639971733093
0.17006324231624603
0.36317068338394165
0.2750876545906067
0.19578979909420013
0.3994428217411041
0.3068234622478485
0.2045745998620987
0.3641715347766876
0.28187882900238037
0.4744211435317993
0.3725060820579529
0.2876071631908417
0.0
0.22513574361801147
0.4430355429649353
0.1703767478466034
0.36311763525009155
0.27501609921455383
0.19628429412841797
0.3991483151912689
0.30653896927833557
0.20463532209396362
0.3641241788864136
0.2818351089954376
0.4744134545326233
0.3726046681404114
0.287689745426178
0.0
0.22465384006500244
0.4438090920448303
0.17057594656944275
0.3630228340625763
0.2749193012714386
0.19655397534370422
0.39896056056022644
0.3063613176345825
0.2046438306570053
0.3641194999217987
0.28183168172836304
0.4743818938732147
0.37271612882614136
0.2877832055091858
0.0
0.22450663149356842
0.4440247714519501
0.17069213092327118
0.36294442415237427
0.2748490273952484
0.19665254652500153
0.39883318543434143
0.30625438690185547
0.20464089512825012
0.3641173243522644
0.28183040022850037
0.474368691444397
0.3727804720401764
0.2878356873989105
0.0
0.22434379160404205
0.4441339373588562
0.1707952618598938
0.36287927627563477
0.274789959192276
0.1967153698205948
0.39875903725624084
0.3061903417110443
0.20459307730197906
0.3640669286251068
0.28179505467414856
0.47434768080711365
0.372837096452713
0.2878844141960144
0.0
0.22420845925807953
0.4443110525608063
0.17082121968269348
0.3628433346748352
0.27475810050964355
0.19681140780448914
0.3986246883869171
0.3060724437236786
0.20455582439899445
0.36404702067375183
0.281779408454895
0.4743201732635498
0.37290287017822266
0.2879389822483063
0.0
0.22408993542194366
0.44414517283439636
0.17080754041671753
0.362784743309021
0.2747161388397217
0.19685377180576324
0.3984217941761017
0.3059074282646179
0.20402050018310547
0.3638063967227936
0.2816573977470398
0.47431936860084534
0.3729269206523895
0.28795871138572693
0.0
0.22463297843933105
0.44332075119018555
0.1707584410905838
0.3626636266708374
0.27462780475616455
0.19690071046352386
0.3976801633834839
0.3053232431411743
0.20374584197998047
0.36363598704338074
0.28155508637428284
0.4743195176124573
0.3729301691055298
0.2879618704319
