0.0
0.139194518327713
0.43192729353904724
0.16810521483421326
0.3369304835796356
0.25490760803222656
0.16550792753696442
0.3763229548931122
0.2893083095550537
0.20515237748622894
0.33725181221961975
0.26157987117767334
0.4766802191734314
0.34746092557907104
0.26496776938438416
0.0
0.13868753612041473
0.43223974108695984
0.16797798871994019
0.33753594756126404
0.25537121295928955
0.1656775176525116
0.376388818025589
0.28936827182769775
0.2042069286108017
0.3379662036895752
0.2622377872467041
0.47664007544517517
0.3478300869464874
0.2652752995491028
0.0
0.1381557732820511
0.4325040280818939
0.16792058944702148
0.3379444479942322
0.25568437576293945
0.16583970189094543
0.376426100730896
0.28940314054489136
0.20347996056079865
0.3384917974472046
0.26272109150886536
0.4765636622905731
0.34836146235466003
0.26572394371032715
0.0
0.13716545701026917
0.4329172372817993
0.16781319677829742
0.33825767040252686
0.25593245029449463
0.1659429371356964
0.3764971196651459
0.28947457671165466
0.20296521484851837
0.33874568343162537
0.2629667818546295
0.47647908329963684
0.3488962650299072
0.26617366075515747
0.0
0.13560257852077484
0.4330991804599762
0.16776788234710693
0.33852699398994446
0.256136953830719
0.16608865559101105
0.37654218077659607
0.2895132005214691
0.2024562805891037
0.33904457092285156
0.2632523477077484
0.47642672061920166
0.34952566027641296
0.26671355962753296
0.0
0.1338801234960556
0.4339888095855713
0.1677907258272171
0.3388012945652008
0.2563408613204956
0.16624252498149872
0.3765348792076111
0.28951215744018555
0.2021447867155075
0.3392651081085205
0.26345130801200867
0.4763639271259308
0.3501475155353546
0.2672625482082367
0.0
0.13248278200626373
0.43474939465522766
0.16776074469089508
0.3391228914260864
0.2565838396549225
0.16636314988136292
0.37652355432510376
0.2895088195800781
0.20178525149822235
0.3393910229206085
0.2635824382305145
0.4763927757740021
0.3506503701210022
0.26769599318504333
0.0
0.13132032752037048
0.43525955080986023
0.16772504150867462
0.3393893837928772
0.25678786635398865
0.16652396321296692
0.37646177411079407
0.28946974873542786
0.20136012136936188
0.33969470858573914
0.26386526226997375
0.4763432741165161
0.35115236043930054
0.26812899112701416
0.0
0.13036000728607178
0.43551477789878845
0.16768433153629303
0.3396185040473938
0.25696685910224915
0.16669254004955292
0.3764095604419708
0.289432168006897
0.20099472999572754
0.33997365832328796
0.26412180066108704
0.4762949049472809
0.3515775203704834
0.26848894357681274
0.0
0.12929095327854156
0.4357372522354126
0.16763289272785187
0.3398680090904236
0.2571600377559662
0.1668810248374939
0.3763558864593506
0.28939124941825867
0.20055118203163147
0.3402531147003174
0.26438331604003906
0.4761596918106079
0.35206475853919983
0.2689334750175476
0.0
0.12849055230617523
0.4359035789966583
0.1674291491508484
0.3399765193462372
0.25725775957107544
0.16709010303020477
0.37636512517929077
0.2893931269645691
0.20031766593456268
0.3405316174030304
0.26461952924728394
0.47604355216026306
0.35254961252212524
0.2693627178668976
0.0
0.1279717981815338
0.43598559498786926
0.16722121834754944
0.3400571346282959
0.25733575224876404
0.167422354221344
0.3764500916004181
0.2894509732723236
0.20004549622535706
0.3408229351043701
0.2648628056049347
0.47600698471069336
0.352852463722229
0.26962265372276306
0.0
0.12715984880924225
0.43633970618247986
0.16705138981342316
0.3400217294692993
0.2573240399360657
0.16750280559062958
0.3765258193016052
0.28952884674072266
0.1998477280139923
0.34118473529815674
0.2651486396789551
0.47591814398765564
0.3531908690929413
0.2699268162250519
0.0
0.1251779943704605
0.43758127093315125
0.1668846160173416
0.3399868905544281
0.2573128044605255
0.16750137507915497
0.376322478055954
0.2893975079059601
0.19971618056297302
0.34152570366859436
0.2654244005680084
0.47584307193756104
0.3534950613975525
0.2702208161354065
0.0
0.12252379953861237
0.4388309419155121
0.16667026281356812
0.3399137854576111
0.257276713848114
0.1674327254295349
0.37591031193733215
0.2891068458557129
0.19964076578617096
0.34175074100494385
0.26560431718826294
0.4757923185825348
0.3537611663341522
0.270473450422287
0.0
0.11948653310537338
0.44041892886161804
0.16650670766830444
0.3398170471191406
0.2572193145751953
0.16737477481365204
0.3755638599395752
0.2888631820678711
0.19952711462974548
0.34206148982048035
0.26585283875465393
0.4757814109325409
0.3540107309818268
0.27069419622421265
0.0
0.11699759215116501
0.4418565332889557
0.16634300351142883
0.33968397974967957
0.2571326196193695
0.16714635491371155
0.3752330243587494
0.2886413037776947
0.1993505209684372
0.34264278411865234
0.26631367206573486
0.4757189452648163
0.3544439375400543
0.2710786759853363
0.0
0.10793603211641312
0.4470177888870239
0.16369642317295074
0.3386152684688568
0.2565549314022064
0.16560737788677216
0.37466272711753845
0.2884070873260498
0.19885870814323425
0.34505659341812134
0.2682221233844757
0.47562652826309204
0.3558029532432556
0.2722151577472687
0.0
0.10690643638372421
0.4466906189918518
0.1624017208814621
0.33830416202545166
0.25643065571784973
0.1652095466852188
0.3745526075363159
0.28838950395584106
0.1982468068599701
0.3456663191318512
0.2687752842903137
0.47564032673835754
0.3563704490661621
0.27267855405807495
0.0
0.10542824119329453
0.44617167115211487
0.16180787980556488
0.33832213282585144
0.25649669766426086
0.16516169905662537
0.37452539801597595
0.28838488459587097
0.19784176349639893
0.3460947573184967
0.26916152238845825
0.4757186770439148
0.3569723665714264
0.2731981575489044
0.0
0.10217871516942978
0.4448818862438202
0.16141782701015472
0.33839288353919983
0.2565857172012329
0.16507212817668915
0.37479984760284424
0.2886274755001068
0.1969509720802307
0.34688475728034973
0.2698899209499359
0.4756578803062439
0.3575637936592102
0.273704469203949
0.0
0.09920205175876617
0.4445935785770416
0.15841391682624817
0.3369353413581848
0.25573810935020447
0.16503259539604187
0.37502968311309814
0.288835346698761
0.19617821276187897
0.3476877212524414
0.27061572670936584
0.4755163788795471
0.3584323525428772
0.2744717001914978
0.0
0.09714910387992859
0.4449295401573181
0.15467451512813568
0.33500105142593384
0.25459185242652893
0.16505616903305054
0.3752099275588989
0.28899580240249634
0.19556233286857605
0.34821826219558716
0.27111026644706726
0.4753228724002838
0.3593294024467468
0.2752785086631775
0.0
0.09520885348320007
0.4447738528251648
0.1505267471075058
0.3329404890537262
0.2533791959285736
0.16501082479953766
0.3753957748413086
0.2891710102558136
0.19460298120975494
0.3490768373012543
0.27191460132598877
0.4752107262611389
0.36026355624198914
0.2760937213897705
0.0
0.09482121467590332
0.4443785846233368
0.14669479429721832
0.3310319483280182
0.2522530257701874
0.16492879390716553
0.37556856870651245
0.28932857513427734
0.1940498650074005
0.3496556282043457
0.2724442780017853
0.4752221703529358
0.3609161376953125
0.2766348123550415
0.0
0.09442250430583954
0.4435477554798126
0.14365659654140472
0.32935279607772827
0.25123557448387146
0.16466465592384338
0.3757750391960144
0.28954094648361206
0.19359154999256134
0.35026705265045166
0.2729862332344055
0.4752196967601776
0.36148199439048767
0.27710121870040894
0.0
0.09392301738262177
0.4417717754840851
0.14127422869205475
0.3279953896999359
0.2504000961780548
0.1640898734331131
0.37604326009750366
0.2898430824279785
0.19342975318431854
0.3506429195404053
0.27329888939857483
0.47519052028656006
0.36205407977104187
0.27756667137145996
0.0
0.09376781433820724
0.4414660930633545
0.13950607180595398
0.3268492519855499
0.2496803253889084
0.16323970258235931
0.3762022852897644
0.2900957465171814
0.19331933557987213
0.35094577074050903
0.2735540568828583
0.4752366244792938
0.3626859486103058
0.2780919373035431
0.0
0.09360598027706146
0.4411720633506775
0.1377709060907364
0.32571566104888916
0.2489607185125351
0.1622966229915619
0.3765491545200348
0.29050201177597046
0.19323772192001343
0.35124972462654114
0.2738078832626343
0.4753003418445587
0.36327502131462097
0.27857354283332825
0.0
0.09155899286270142
0.43926435708999634
0.13686826825141907
0.32514163851737976
0.24860195815563202
0.16166575253009796
0.3768594563007355
0.2908364534378052
0.193091481924057
0.35167771577835083
0.27417421340942383
0.4754011332988739
0.36403363943099976
0.27923065423965454
0.0
0.08870558440685272
0.43636101484298706
0.1364254653453827
0.3248618245124817
0.24842941761016846
0.16124974191188812
0.37725964188575745
0.2912147343158722
0.19300417602062225
0.35206007957458496
0.2744978666305542
0.47547197341918945
0.3650062084197998
0.28008145093917847
0.0
0.08684254437685013
0.43453818559646606
0.13568411767482758
0.3246226906776428
0.2483132779598236
0.1606263369321823
0.37783151865005493
0.2917575240135193
0.19291093945503235
0.35248643159866333
0.27485978603363037
0.47546717524528503
0.36569154262542725
0.2807045578956604
0.0
0.08553037792444229
0.43356266617774963
0.13475073873996735
0.32440322637557983
0.24822402000427246
0.15974441170692444
0.37854987382888794
0.29245007038116455
0.19272181391716003
0.35311245918273926
0.27539733052253723
0.4755335748195648
0.36638498306274414
0.2813510000705719
0.0
0.08403180539608002
0.4324074387550354
0.13365398347377777
0.32431551814079285
0.24825288355350494
0.1588357836008072
0.37927189469337463
0.2931455969810486
0.19253282248973846
0.35377252101898193
0.2759627103805542
0.4754563570022583
0.36733531951904297
0.2822195589542389
0.0
0.0814894586801529
0.4315437078475952
0.13287432491779327
0.3243809938430786
0.24837075173854828
0.1582506150007248
0.3798888027667999
0.2937174439430237
0.19230186939239502
0.35452911257743835
0.27661341428756714
0.47546184062957764
0.3682197630405426
0.28303131461143494
0.0
0.07885101437568665
0.4313979148864746
0.1324845850467682
0.3244916796684265
0.24849049746990204
0.15742242336273193
0.3806878328323364
0.2944778501987457
0.19215835630893707
0.3551948666572571
0.277178555727005
0.4754554331302643
0.3691333830356598
0.28383079171180725
0.0
0.0709947794675827
0.434306800365448
0.13227777183055878
0.32543519139289856
0.2492322325706482
0.15600748360157013
0.38262197375297546
0.2962172031402588
0.19145704805850983
0.3577725291252136
0.2794327735900879
0.47536700963974
0.3724104166030884
0.2867804169654846
0.0
0.07016564160585403
0.43605390191078186
0.1321561485528946
0.32579705119132996
0.24952083826065063
0.15591922402381897
0.38306349515914917
0.296576589345932
0.19105474650859833
0.35863906145095825
0.2802112102508545
0.47536715865135193
0.373249888420105
0.2875455915927887
0.0
0.06975294649600983
0.4368867576122284
0.13196422159671783
0.3261581361293793
0.24981489777565002
0.15580058097839355
0.3838229775428772
0.297199010848999
0.19070696830749512
0.35968923568725586
0.28111863136291504
0.475403755903244
0.3741191625595093
0.2883138358592987
0.0
0.06938165426254272
0.43834176659584045
0.13178472220897675
0.3264552652835846
0.25006046891212463
0.15575101971626282
0.38447773456573486
0.2977287769317627
0.1905386596918106
0.3603631258010864
0.2816945016384125
0.4753726124763489
0.37453681230545044
0.28869321942329407
0.0
0.06912928074598312
0.43978628516197205
0.13160450756549835
0.32676273584365845
0.25030913949012756
0.15568991005420685
0.3849411904811859
0.2981129586696625
0.19038785994052887
0.36106547713279724
0.28229188919067383
0.4753935933113098
0.3749077618122101
0.2890104353427887
0.0
0.06900923699140549
0.4403876066207886
0.13139858841896057
0.32711073756217957
0.2505960464477539
0.1556503176689148
0.38548290729522705
0.29855847358703613
0.19028893113136292
0.36168402433395386
0.28281351923942566
0.47545909881591797
0.37548404932022095
0.2894900143146515
0.0
0.06881967186927795
0.44116395711898804
0.1312752515077591
0.3284853398799896
0.2516596019268036
0.15566915273666382
0.3860946297645569
0.29905959963798523
0.19021138548851013
0.362456738948822
0.2834644615650177
0.4755113124847412
0.37622499465942383
0.29010137915611267
0.0
0.06886126101016998
0.441520631313324
0.13122059404850006
0.33082079887390137
0.2534557580947876
0.15572412312030792
0.3866879343986511
0.2995356619358063
0.19010953605175018
0.3632349371910095
0.28413137793540955
0.4755309522151947
0.3769530653953552
0.2906990051269531
0.0
0.06888464838266373
0.44183310866355896
0.13111715018749237
0.3331713080406189
0.2552659511566162
0.15564800798892975
0.3871777355670929
0.299946665763855
0.19007262587547302
0.3638454079627991
0.28464803099632263
0.47553616762161255
0.37769708037376404
0.29132139682769775
0.0
0.06903084367513657
0.44194266200065613
0.131079763174057
0.33551356196403503
0.2570576071739197
0.15554800629615784
0.38771381974220276
0.30040204524993896
0.1899946928024292
0.36458900570869446
0.28528285026550293
0.4756094515323639
0.37843936681747437
0.2919309139251709
0.0
0.0694950520992279
0.4422304928302765
0.13089585304260254
0.33756402134895325
0.2586461007595062
0.15546642243862152
0.3882324695587158
0.30084043741226196
0.18991386890411377
0.3653244972229004
0.2859114110469818
0.47565189003944397
0.37917643785476685
0.29254454374313354
0.0
0.07022683322429657
0.44263923168182373
0.13064993917942047
0.33993789553642273
0.26049092411994934
0.15559570491313934
0.3891066610813141
0.30155932903289795
0.18976478278636932
0.3661666214466095
0.28663182258605957
0.4756857454776764
0.3800879120826721
0.2933276891708374
0.0
0.07079619914293289
0.44309574365615845
0.13049016892910004
0.3405398428440094
0.26096585392951965
0.15572066605091095
0.3896852433681488
0.302018940448761
0.1896965205669403
0.366502583026886
0.2869211435317993
0.4756934344768524
0.38025736808776855
0.2934688627719879
0.0
0.07278307527303696
0.4445526897907257
0.13027286529541016
0.3415936827659607
0.26179230213165283
0.15562109649181366
0.39044690132141113
0.3026603162288666
0.18964119255542755
0.3669540584087372
0.2873016893863678
0.47567859292030334
0.38063088059425354
0.2937781810760498
0.0
0.0733497217297554
0.4448848068714142
0.13033753633499146
0.3432360887527466
0.2630447447299957
0.1554710417985916
0.39112818241119385
0.30323371291160583
0.1896013468503952
0.3675152063369751
0.287767231464386
0.47567129135131836
0.38113468885421753
0.2941873073577881
0.0
0.07411836832761765
0.44533470273017883
0.1303829401731491
0.3452100455760956
0.2645531892776489
0.155497208237648
0.3922094702720642
0.3040996193885803
0.18955358862876892
0.36804187297821045
0.2882010340690613
0.47566479444503784
0.381779283285141
0.2947089970111847
0.0
0.07480820268392563
0.4460086524486542
0.13049016892910004
0.3470616042613983
0.26596421003341675
0.15581786632537842
0.39345821738243103
0.305061399936676
0.1894918829202652
0.3687190115451813
0.2887558043003082
0.4756811857223511
0.3825721740722656
0.2953428328037262
0.0
0.07549490034580231
0.44704538583755493
0.13083510100841522
0.3492805063724518
0.26763197779655457
0.1559445559978485
0.3945097327232361
0.3058975338935852
0.18951624631881714
0.3696999251842499
0.28953656554222107
0.4756168723106384
0.3832431733608246
0.2958803176879883
0.0
0.0759173035621643
0.4472688138484955
0.13120420277118683
0.351227730512619
0.26908597350120544
0.15606999397277832
0.3956252634525299
0.30677884817123413
0.1894877701997757
0.3706243932247162
0.2902719974517822
0.4755754768848419
0.3837989270687103
0.296326220035553
0.0
0.07641393691301346
0.4477495551109314
0.13140587508678436
0.35295403003692627
0.27038976550102234
0.15633973479270935
0.39706841111183167
0.3079011142253876
0.18942764401435852
0.3711532950401306
0.29069840908050537
0.47560569643974304
0.38504165410995483
0.2972840964794159
0.0
0.07667193561792374
0.44809773564338684
0.13164719939231873
0.354263037443161
0.2713712453842163
0.1565340757369995
0.3981506824493408
0.3087482452392578
0.18944093585014343
0.37164583802223206
0.29109054803848267
0.4755810797214508
0.3860512673854828
0.29806891083717346
0.0
0.07671938836574554
0.44863247871398926
0.13197872042655945
0.35555461049079895
0.2723330557346344
0.15680988132953644
0.3993007242679596
0.30964359641075134
0.1894380897283554
0.37211036682128906
0.2914639413356781
0.4755701422691345
0.38643258810043335
0.2983717918395996
0.0
0.07667972147464752
0.4493776857852936
0.1323053389787674
0.35684406757354736
0.27328917384147644
0.15710997581481934
0.40049198269844055
0.3105713725090027
0.18937571346759796
0.372710257768631
0.2919507920742035
0.47557327151298523
0.38676440715789795
0.29864054918289185
0.0
0.07659018784761429
0.4497275650501251
0.1327703595161438
0.3583572208881378
0.2744017541408539
0.1573265790939331
0.40149661898612976
0.31136539578437805
0.18932631611824036
0.37322404980659485
0.2923632264137268
0.47563186287879944
0.38764333724975586
0.29933422803878784
0.0
0.07650445401668549
0.4498223066329956
0.13350136578083038
0.36001744866371155
0.2756010890007019
0.1574319303035736
0.40237894654273987
0.3120710551738739
0.18932156264781952
0.3736049234867096
0.29266729950904846
0.4756714105606079
0.3881910741329193
0.2997682988643646
0.0
0.07640768587589264
0.4499252438545227
0.13432948291301727
0.3617091178894043
0.27681609988212585
0.15751934051513672
0.40304112434387207
0.3126048743724823
0.18929432332515717
0.37401869893074036
0.29299744963645935
0.4757191836833954
0.3889204263687134
0.3003522753715515
0.0
0.07628030329942703
0.44971469044685364
0.1349148005247116
0.3631572425365448
0.2778664827346802
0.15779723227024078
0.4040318727493286
0.3133801519870758
0.18939313292503357
0.37464025616645813
0.29347875714302063
0.47574833035469055
0.3896064758300781
0.30088651180267334
0.0
0.07612606137990952
0.4495182931423187
0.13544641435146332
0.3644509017467499
0.27880603075027466
0.158427894115448
0.40533196926116943
0.3143627941608429
0.189578577876091
0.3754962384700775
0.2941196858882904
0.47577136754989624
0.390041708946228
0.3012290298938751
0.0
0.07601312547922134
0.44946426153182983
0.13602255284786224
0.36571288108825684
0.2797163724899292
0.15897101163864136
0.40650713443756104
0.31524696946144104
0.1897401362657547
0.3764277398586273
0.29482531547546387
0.47576189041137695
0.39010003209114075
0.30127865076065063
0.0
0.07573791593313217
0.44899609684944153
0.13641582429409027
0.3667536675930023
0.28047165274620056
0.15909446775913239
0.40697795152664185
0.3156129717826843
0.18988607823848724
0.37741217017173767
0.29556941986083984
0.47575926780700684
0.3901427984237671
0.30131539702415466
0.0
0.0755888894200325
0.448600172996521
0.13695299625396729
0.3678106963634491
0.2812316417694092
0.1592877358198166
0.4074506461620331
0.3159693777561188
0.19016724824905396
0.378238320350647
0.29618167877197266
0.47577032446861267
0.3902813196182251
0.3014264404773712
0.0
0.07543007284402847
0.4488886892795563
0.1377149075269699
0.36900269985198975
0.2820650041103363
0.15935048460960388
0.4078349471092224
0.3162711560726166
0.19042344391345978
0.37879428267478943
0.29658472537994385
0.4757656455039978
0.3904273211956024
0.30154526233673096
0.0
0.07560545951128006
0.44948992133140564
0.13841824233531952
0.3700549304485321
0.28280115127563477
0.15949803590774536
0.40827399492263794
0.3166090250015259
0.1905619502067566
0.3791781961917877
0.2968689203262329
0.4757971465587616
0.3907969295978546
0.3018261194229126
0.0
0.07581900805234909
0.4509696960449219
0.1391085833311081
0.37103691697120667
0.2834836542606354
0.15988187491893768
0.40908318758010864
0.3172113299369812
0.19066420197486877
0.3794584572315216
0.29706138372421265
0.47581613063812256
0.39147529006004333
0.30232900381088257
0.0
0.07718536257743835
0.4520276188850403
0.13929373025894165
0.37155866622924805
0.28386420011520386
0.16003118455410004
0.40931448340415955
0.31738385558128357
0.19086506962776184
0.3801664710044861
0.29754871129989624
0.4758068919181824
0.39182335138320923
0.3025805354118347
0.0
0.07366786152124405
0.4511575698852539
0.15418510138988495
0.37336885929107666
0.28386059403419495
0.16809844970703125
0.40670260787010193
0.31454914808273315
0.19917376339435577
0.37084436416625977
0.2879962921142578
0.4726589322090149
0.3773460388183594
0.2914251387119293
0.0
0.07368243485689163
0.4521939158439636
0.1543247550725937
0.3732902407646179
0.2837879955768585
0.16819852590560913
0.40662604570388794
0.31448596715927124
0.19982010126113892
0.37032759189605713
0.2874835729598999
0.4725533723831177
0.3761383593082428
0.29050201177597046
0.0
0.07364842295646667
0.45304182171821594
0.15442980825901031
0.37321457266807556
0.28372180461883545
0.1682896465063095
0.40657147765159607
0.31443682312965393
0.20067889988422394
0.3698580861091614
0.2869853675365448
0.4725363552570343
0.3752022683620453
0.28978657722473145
0.0
0.07349110394716263
0.45315971970558167
0.1546621322631836
0.3731171190738678
0.2836291491985321
0.16846038401126862
0.40647953748703003
0.31435009837150574
0.20138157904148102
0.369235634803772
0.28639644384384155
0.4724012017250061
0.374083936214447
0.28894832730293274
0.0
0.07316078245639801
0.45336854457855225
0.15522873401641846
0.37303978204727173
0.2835160493850708
0.16859470307826996
0.40642601251602173
0.3143026530742645
0.2019900679588318
0.36861416697502136
0.2858361601829529
0.47233647108078003
0.3729628920555115
0.2881108224391937
0.0
0.07249727845191956
0.45388564467430115
0.15605159103870392
0.3730067312717438
0.28341373801231384
0.16870762407779694
0.40642422437667847
0.31429553031921387
0.20230355858802795
0.36807698011398315
0.2853779196739197
0.4723740816116333
0.37267637252807617
0.2878951132297516
0.0
0.072037473320961
0.4539734721183777
0.15661625564098358
0.3729080855846405
0.28328731656074524
0.16935530304908752
0.406058132648468
0.31394287943840027
0.20248621702194214
0.367687851190567
0.2850540280342102
0.4723860025405884
0.3724503815174103
0.28771600127220154
0.0
0.0713810995221138
0.4540404677391052
0.15693463385105133
0.37289828062057495
0.28325191140174866
0.17015865445137024
0.4053868353366852
0.3133387863636017
0.20258726179599762
0.36736902594566345
0.2847927510738373
0.4723922908306122
0.3722742795944214
0.28757229447364807
0.0
0.07135936617851257
0.4540327191352844
0.15704786777496338
0.37280043959617615
0.28316637873649597
0.17094844579696655
0.40473708510398865
0.3127610385417938
0.20265509188175201
0.3669857978820801
0.2844809591770172
0.4724023640155792
0.3721492290496826
0.2874695062637329
0.0
0.07126232236623764
0.4539914131164551
0.15724514424800873
0.37255603075027466
0.2829636335372925
0.17180369794368744
0.4041120707988739
0.312197208404541
0.20268380641937256
0.3664867877960205
0.28407609462738037
0.47239699959754944
0.3720523416996002
0.28738686442375183
0.0
0.0711626410484314
0.45400378108024597
0.15743686258792877
0.3722288906574249
0.28269901871681213
0.17234012484550476
0.4037479758262634
0.31187179684638977
0.2026805579662323
0.3661518096923828
0.2838003635406494
0.4723863899707794
0.3719160556793213
0.28727203607559204
0.0
0.07101410627365112
0.45401260256767273
0.15768301486968994
0.37182173132896423
0.28236913681030273
0.17283125221729279
0.40347933769226074
0.3116263747215271
0.2025585174560547
0.3655601739883423
0.28333359956741333
0.47237053513526917
0.3716430366039276
0.2870308458805084
0.0
0.07088883221149445
0.4539412558078766
0.1580212414264679
0.3714227080345154
0.2820375859737396
0.17315848171710968
0.4033085107803345
0.31146907806396484
0.20240528881549835
0.36490750312805176
0.28281715512275696
0.47237539291381836
0.37149578332901
0.28690680861473083
0.0
0.07169298082590103
0.4540511965751648
0.15829938650131226
0.37098875641822815
0.28168657422065735
0.1733434647321701
0.4031260907649994
0.311329185962677
0.20220118761062622
0.3643365204334259
0.28236356377601624
0.4724089205265045
0.37121719121932983
0.28665417432785034
0.0
0.07164470106363297
0.45379960536956787
0.15846379101276398
0.3704036474227905
0.28123077750205994
0.17349475622177124
0.4030323326587677
0.311257004737854
0.20184442400932312
0.3637164235115051
0.2818889021873474
0.4724152088165283
0.3710426688194275
0.2865014970302582
0.0
0.07159306108951569
0.45357996225357056
0.15831716358661652
0.3696453273296356
0.28067269921302795
0.17368456721305847
0.40291786193847656
0.3111658990383148
0.20155136287212372
0.3629947900772095
0.28132396936416626
0.47242307662963867
0.370912104845047
0.28638800978660583
0.0
0.0715230330824852
0.453365683555603
0.15830998122692108
0.3692164719104767
0.28035083413124084
0.17383557558059692
0.4028462767601013
0.31111061573028564
0.20141614973545074
0.36249035596847534
0.2809269428253174
0.47243615984916687
0.3707565367221832
0.28625398874282837
0.0
0.07247999310493469
0.4503834843635559
0.1582714170217514
0.36887890100479126
0.2801021337509155
0.17395201325416565
0.4028087258338928
0.3110825717449188
0.20124982297420502
0.3620491921901703
0.28057587146759033
0.4724101126194
0.37044909596443176
0.2859672009944916
0.0
0.07378681004047394
0.4474334716796875
0.15813635289669037
0.36848098039627075
0.2798161208629608
0.17403671145439148
0.40278956294059753
0.3110710680484772
0.20114126801490784
0.3616265654563904
0.2802368700504303
0.47243615984916687
0.3701094686985016
0.28567609190940857
0.0
0.07482973486185074
0.4436098337173462
0.15794964134693146
0.36807283759117126
0.2795287072658539
0.17419394850730896
0.4028012752532959
0.31107771396636963
0.2009809911251068
0.3611312806606293
0.27984997630119324
0.47240930795669556
0.36966001987457275
0.2852601706981659
0.0
0.0750923752784729
0.44217410683631897
0.15778584778308868
0.36779794096946716
0.2793370187282562
0.1746709942817688
0.40283775329589844
0.31107205152511597
0.20075544714927673
0.3605049252510071
0.27937614917755127
0.4724351167678833
0.3694095015525818
0.2850474417209625
0.0
0.07515114545822144
0.44174012541770935
0.15776687860488892
0.3676999509334564
0.2792658805847168
0.1753815859556198
0.4027629494667053
0.3109639585018158
0.20062507688999176
0.36007818579673767
0.2790473997592926
0.4724470376968384
0.36926189064979553
0.28492534160614014
0.0
0.07557704299688339
0.44065725803375244
0.157725527882576
0.36753973364830017
0.2791512608528137
0.17585612833499908
0.40262559056282043
0.310833603143692
0.20064809918403625
0.35979896783828735
0.2788185775279999
0.4724486172199249
0.36915916204452515
0.2848398685455322
0.0
0.0767100602388382
0.43947046995162964
0.15762948989868164
0.3672596216201782
0.2789519727230072
0.17633280158042908
0.4024839699268341
0.3106975555419922
0.2006741166114807
0.3596496284008026
0.2786935865879059
0.47244757413864136
0.36896204948425293
0.284671813249588
0.0
0.07866085320711136
0.4391527771949768
0.15747830271720886
0.36686351895332336
0.2786678075790405
0.17674820125102997
0.4023676812648773
0.3105815351009369
0.20066246390342712
0.3594200611114502
0.27851197123527527
0.47245293855667114
0.3687276244163513
0.2844637632369995
0.0
0.08089859038591385
0.43839752674102783
0.1579204648733139
0.36679819226264954
0.2785772383213043
0.17697687447071075
0.40224772691726685
0.31048282980918884
0.20052485167980194
0.35917800664901733
0.27832892537117004
0.4724970757961273
0.3684963583946228
0.284243643283844
0.0
0.08264771848917007
0.43809372186660767
0.15805912017822266
0.36670809984207153
0.27850136160850525
0.17713592946529388
0.40216565132141113
0.3104139566421509
0.20041200518608093
0.3589405417442322
0.2781490385532379
0.47248438000679016
0.36837688088417053
0.28412309288978577
0.0
0.08340740203857422
0.4382452964782715
0.15799131989479065
0.3664871156215668
0.27834194898605347
0.17726239562034607
0.40195363759994507
0.3102540969848633
0.2003047913312912
0.35876384377479553
0.2780191898345947
0.4724733531475067
0.3683088421821594
0.284043550491333
0.0
0.08435359597206116
0.43828967213630676
0.1578506976366043
0.3661917448043823
0.278136670589447
0.17741984128952026
0.40171724557876587
0.31006643176078796
0.2001102715730667
0.3586582541465759
0.2779557704925537
0.4724687933921814
0.36814191937446594
0.28390803933143616
0.0
0.08580832183361053
0.4383198618888855
0.15765796601772308
0.36585333943367004
0.27789971232414246
0.17755994200706482
0.40146198868751526
0.30986475944519043
0.19977866113185883
0.35847991704940796
0.2778538763523102
0.4724633991718292
0.3680049180984497
0.2837924659252167
0.0
0.0878041461110115
0.43788501620292664
0.15710730850696564
0.3649781346321106
0.2772948443889618
0.1776871234178543
0.4011652171611786
0.30964046716690063
0.19966359436511993
0.358271062374115
0.27770519256591797
0.4724772870540619
0.36789175868034363
0.2836996614933014
0.0
0.08969451487064362
0.4375344514846802
0.15626467764377594
0.3635513484477997
0.2762972116470337
0.17785699665546417
0.40072202682495117
0.30930641293525696
0.19967171549797058
0.35818180441856384
0.2776356041431427
0.4725019037723541
0.3677102327346802
0.2835546135902405
0.0
0.09340553730726242
0.43582889437675476
0.15582247078418732
0.362315833568573
0.275407612323761
0.17801257967948914
0.40000462532043457
0.30876824259757996
0.19973720610141754
0.3580251932144165
0.2775116264820099
0.4725184142589569
0.367587685585022
0.2834559381008148
0.0
0.09644293785095215
0.4344220757484436
0.15542522072792053
0.3612147867679596
0.27461373805999756
0.17819896340370178
0.3990825116634369
0.3080821931362152
0.1998366266489029
0.3577255308628082
0.27727699279785156
0.4725223481655121
0.36748483777046204
0.28337472677230835
0.0
0.09875509142875671
0.43338045477867126
0.15510107576847076
0.3599996864795685
0.27372607588768005
0.17829813063144684
0.3982948660850525
0.3075002133846283
0.19998760521411896
0.3571279048919678
0.27681630849838257
0.4725518226623535
0.36722609400749207
0.28317320346832275
0.0
0.1009683907032013
0.43246376514434814
0.15470238029956818
0.35861799120903015
0.27271971106529236
0.17841437458992004
0.3974655568599701
0.3068755567073822
0.20005150139331818
0.35663890838623047
0.27645185589790344
0.4725896418094635
0.36706653237342834
0.28304368257522583
0.0
0.10311466455459595
0.4316079616546631
0.15407444536685944
0.3571684658527374
0.27168259024620056
0.17856410145759583
0.3964335322380066
0.30609560012817383
0.20012196898460388
0.3564312756061554
0.2762976586818695
0.47264543175697327
0.3669070601463318
0.28291624784469604
0.0
0.10424119234085083
0.4313371777534485
0.15261265635490417
0.3546585440635681
0.2699131667613983
0.17867380380630493
0.3959112763404846
0.305701345205307
0.20020410418510437
0.3561103343963623
0.27606287598609924
0.4728132486343384
0.3665115535259247
0.28262829780578613
0.0
0.10543786734342575
0.43136483430862427
0.15213553607463837
0.35295507311820984
0.268669992685318
0.17868755757808685
0.39538267254829407
0.30531907081604004
0.20016154646873474
0.3559509515762329
0.2760075628757477
0.4729197919368744
0.36611834168434143
0.2823616564273834
0.0
0.10633344948291779
0.4314500689506531
0.15136587619781494
0.35110974311828613
0.26733994483947754
0.17877070605754852
0.3949475884437561
0.3049980700016022
0.19970296323299408
0.35617563128471375
0.2762972116470337
0.47305914759635925
0.3654659390449524
0.2819429039955139
0.0
0.106924869120121
0.43168261647224426
0.15141409635543823
0.35060128569602966
0.2669524848461151
0.17881996929645538
0.3946627676486969
0.30478978157043457
0.19922105967998505
0.35608434677124023
0.2763638496398926
0.4731229841709137
0.3652927875518799
0.28184154629707336
0.0
0.10729952901601791
0.43187063932418823
0.15142200887203217
0.3502825200557709
0.26670902967453003
0.1790202558040619
0.3942064642906189
0.30443307757377625
0.1989564448595047
0.3560980260372162
0.2764439880847931
0.4731892943382263
0.3653770387172699
0.2819274663925171
0.0
0.1079598143696785
0.43221452832221985
0.1514061987400055
0.35015517473220825
0.26661720871925354
0.1791832000017166
0.3934669494628906
0.30386146903038025
0.19889068603515625
0.3563038110733032
0.27662694454193115
0.47325074672698975
0.3655083179473877
0.2820497751235962
0.0
0.10913009941577911
0.4326804578304291
0.15126584470272064
0.3499438166618347
0.26646989583969116
0.17915377020835876
0.39273685216903687
0.30333051085472107
0.1988249123096466
0.3565853238105774
0.2768715023994446
0.4733114242553711
0.36565354466438293
0.2821758985519409
0.0
0.11020296066999435
0.4331332743167877
0.1511336714029312
0.3496363162994385
0.26624977588653564
0.17915275692939758
0.39204975962638855
0.3028274476528168
0.19876062870025635
0.356957346200943
0.2771909832954407
0.4734279215335846
0.365804523229599
0.2823207676410675
0.0
0.11122847348451614
0.4334357976913452
0.1510825902223587
0.34945809841156006
0.26612016558647156
0.17905406653881073
0.3915460705757141
0.3024698793888092
0.19861900806427002
0.35745206475257874
0.2776212692260742
0.4734620451927185
0.36598077416419983
0.2824707329273224
0.0
0.1130833774805069
0.4335193932056427
0.15084479749202728
0.3490166962146759
0.2658117711544037
0.17903196811676025
0.39100295305252075
0.3020726442337036
0.1985081136226654
0.35792312026023865
0.27802810072898865
0.47347602248191833
0.3661879301071167
0.2826436758041382
0.0
0.11443234235048294
0.4337333142757416
0.15060065686702728
0.3486543297767639
0.2655597925186157
0.1790577471256256
0.39044108986854553
0.3016650676727295
0.19843193888664246
0.3583475351333618
0.2783927023410797
0.47352465987205505
0.36644187569618225
0.2828592360019684
0.0
0.11527905613183975
0.4339580535888672
0.1505422592163086
0.34852609038352966
0.2654664218425751
0.17910224199295044
0.39046788215637207
0.3016999661922455
0.1983914077281952
0.35878846049308777
0.27876293659210205
0.4735700190067291
0.3665800988674164
0.2829800844192505
