0.18508272
-0.2373178
-2.2295165
0.0
0.18117152154445648
0.4260586202144623
0.08349321037530899
0.04651923105120659
0.036710940301418304
0.150987908244133
0.041818857192993164
0.03324412554502487
0.1304384022951126
0.046165406703948975
0.03724300116300583
0.4002191722393036
0.05572478845715523
0.04640116170048714
0.9038581252098083
0.20182569324970245
0.13716720044612885
0.3998209238052368
0.18466209
-0.23802948
-2.2268863
0.0
0.18117019534111023
0.42589274048805237
0.08373373001813889
0.04637159779667854
0.0365905687212944
0.15114633738994598
0.04179033264517784
0.03321900963783264
0.13030864298343658
0.046076200902462006
0.037166085094213486
0.3999623954296112
0.05576330050826073
0.04641657695174217
0.9038082957267761
0.20192112028598785
0.13714714348316193
0.3995726406574249
0.1843229
-0.23786174
-2.226331
0.0
0.1812571883201599
0.42553970217704773
0.08371876180171967
0.04635358974337578
0.036572642624378204
0.15128839015960693
0.041888657957315445
0.03328892961144447
0.13025175034999847
0.046073611825704575
0.0371580645442009
0.399911105632782
0.05562731623649597
0.0462995320558548
0.9037294983863831
0.20195767283439636
0.1372094750404358
0.399611234664917
0.18512306
-0.237648
-2.2289257
0.0
0.18135866522789001
0.42554372549057007
0.08371733129024506
0.04633944109082222
0.03656122833490372
0.15171097218990326
0.04231492057442665
0.03360441327095032
0.13020263612270355
0.04601534083485603
0.03710829094052315
0.3998558223247528
0.05553396791219711
0.04621703922748566
0.9037678241729736
0.2016543596982956
0.1379639059305191
0.39961811900138855
0.18616779
-0.23733753
-2.2323725
0.0
0.18193212151527405
0.42555052042007446
0.0846586599946022
0.04654998332262039
0.03670119494199753
0.15238900482654572
0.04263216629624367
0.03382544592022896
0.13016316294670105
0.04601145163178444
0.037103474140167236
0.3998219966888428
0.05550174415111542
0.04619123041629791
0.9049272537231445
0.20153707265853882
0.13879141211509705
0.3996507525444031
0.18718061
-0.23706809
-2.235639
0.0
0.18292301893234253
0.42563122510910034
0.08684941381216049
0.047173455357551575
0.037135593593120575
0.15331952273845673
0.04313961789011955
0.03419356048107147
0.13009609282016754
0.04606067016720772
0.03713880479335785
0.39968231320381165
0.055315546691417694
0.046038657426834106
0.907447338104248
0.2015891671180725
0.13960933685302734
0.3997037708759308
0.1882201
-0.23682944
-2.2389026
0.0
0.18395623564720154
0.425666868686676
0.08901789784431458
0.04734504595398903
0.03722378984093666
0.15419518947601318
0.043422020971775055
0.03439347818493843
0.12994438409805298
0.04616798833012581
0.03722378984093666
0.39958441257476807
0.05531986057758331
0.0460425429046154
0.9099276661872864
0.2016359120607376
0.14014244079589844
0.3998209238052368
0.18739685
-0.23610207
-2.2382731
0.0
0.18539904057979584
0.4259149432182312
0.09023255854845047
0.04721514880657196
0.037090614438056946
0.15448908507823944
0.043291378766298294
0.03428236022591591
0.12981875240802765
0.04618735611438751
0.037233397364616394
0.3992469310760498
0.055386655032634735
0.04609043523669243
0.9123862385749817
0.20186196267604828
0.13998746871948242
0.39958903193473816
0.18839854
-0.23574838
-2.2416863
0.0
0.18574631214141846
0.4257774353027344
0.09021205455064774
0.04713552072644234
0.03703109547495842
0.15479712188243866
0.0433092825114727
0.03428409993648529
0.12959524989128113
0.04617186263203621
0.03720616549253464
0.39884835481643677
0.055400650948286057
0.046085257083177567
0.9125728011131287
0.20183788239955902
0.1397963911294937
0.3994131088256836
0.18711361
-0.2353843
-2.239057
0.0
0.186750590801239
0.4257075786590576
0.09021800756454468
0.047030407935380936
0.03694889694452286
0.15503546595573425
0.043456338346004486
0.03439174219965935
0.12932099401950836
0.04621575027704239
0.03722698986530304
0.3984706401824951
0.05533602833747864
0.046017929911613464
0.9138785600662231
0.2018589973449707
0.1394113004207611
0.3993629813194275
0.18837377
-0.2350971
-2.2430193
0.0
0.18788300454616547
0.4255170226097107
0.09026562422513962
0.0468856543302536
0.03683415800333023
0.1552337408065796
0.04362340271472931
0.03451459854841232
0.12898917496204376
0.04617573693394661
0.0371708981692791
0.39807596802711487
0.05538773164153099
0.04605160653591156
0.9156141877174377
0.20189139246940613
0.13862501084804535
0.39948543906211853
0.18949465
-0.2351335
-2.2459035
0.0
0.18843364715576172
0.4253356158733368
0.09060683846473694
0.046773605048656464
0.03673367202281952
0.15533432364463806
0.04372033849358559
0.0345870703458786
0.1287122517824173
0.0463033989071846
0.03723019361495972
0.39760643243789673
0.05532525107264519
0.04598552733659744
0.9164731502532959
0.20208273828029633
0.13688836991786957
0.3998870551586151
0.19049269
-0.23512779
-2.248543
0.0
0.1888214498758316
0.4253671169281006
0.09087454527616501
0.046703439205884933
0.03667357191443443
0.15538401901721954
0.04394885152578354
0.03476586937904358
0.12868578732013702
0.04634072631597519
0.037220586091279984
0.39693859219551086
0.055075693875551224
0.04575805738568306
0.9170440435409546
0.20214806497097015
0.13573522865772247
0.3998117446899414
0.19184914
-0.23502001
-2.2523303
0.0
0.18899919092655182
0.4253942668437958
0.09084958583116531
0.04664850980043411
0.03662802651524544
0.15541213750839233
0.044069427996873856
0.03484979271888733
0.12878280878067017
0.04639730602502823
0.03722698986530304
0.3963759243488312
0.05487501248717308
0.04557133838534355
0.9172696471214294
0.20195291936397552
0.13482703268527985
0.39974236488342285
0.19326784
-0.23487084
-2.2563512
0.0
0.18921828269958496
0.4251486659049988
0.09084893018007278
0.04660758748650551
0.036595456302165985
0.15549451112747192
0.04418158158659935
0.03492668643593788
0.12899474799633026
0.04640116170048714
0.037207767367362976
0.3958873450756073
0.0547771193087101
0.04546785727143288
0.9177382588386536
0.20160166919231415
0.13486382365226746
0.3993307948112488
0.19467646
-0.23471995
-2.260331
0.0
0.18949632346630096
0.4249269366264343
0.09084367007017136
0.04660247266292572
0.03659220039844513
0.15575101971626282
0.04421800374984741
0.034940339624881744
0.12917301058769226
0.046238966286182404
0.037061672657728195
0.3954930007457733
0.054717209190130234
0.04540487006306648
0.9186833500862122
0.2012850046157837
0.13513530790805817
0.3989257216453552
0.1959597
-0.234684
-2.2637196
0.0
0.1895444095134735
0.42486679553985596
0.09100581705570221
0.0466216579079628
0.03660359978675842
0.15618997812271118
0.0439813993871212
0.03473327308893204
0.12930157780647278
0.046038657426834106
0.03688914701342583
0.3950554132461548
0.05449770763516426
0.045199546962976456
0.918804407119751
0.2011469304561615
0.1353435218334198
0.3984583616256714
0.19722083
-0.2347424
-2.26683
0.0
0.189523845911026
0.42460063099861145
0.09111396968364716
0.04658839479088783
0.036572642624378204
0.1565229892730713
0.043754417449235916
0.03454222530126572
0.12948265671730042
0.046146027743816376
0.036952123045921326
0.39471763372421265
0.05426632985472679
0.04499594122171402
0.918846607208252
0.20102040469646454
0.13523347675800323
0.3983440399169922
0.19832462
-0.23480295
-2.2695186
0.0
0.18943144381046295
0.4243192970752716
0.09133642166852951
0.04656663164496422
0.03654981404542923
0.15685109794139862
0.04388096556067467
0.034624967724084854
0.12970958650112152
0.04635358974337578
0.03709864988923073
0.3943907618522644
0.05421025678515434
0.044928308576345444
0.9187543988227844
0.2009720355272293
0.13503749668598175
0.3981843590736389
0.19932261
-0.23486537
-2.2719223
0.0
0.18934911489486694
0.4237860441207886
0.09136125445365906
0.04655638709664345
0.036538392305374146
0.15718728303909302
0.04401527717709541
0.03471953794360161
0.12999221682548523
0.04647819697856903
0.037180520594120026
0.39397546648979187
0.0542212575674057
0.044915035367012024
0.9186992645263672
0.20095351338386536
0.1351919174194336
0.39760473370552063
0.20211178
-0.23530895
-2.2780004
0.0
0.1883091926574707
0.41882458329200745
0.09218724071979523
0.04661398380994797
0.03655960038304329
0.1583935171365738
0.045220647007226944
0.03562801703810692
0.1309812217950821
0.046937763690948486
0.037477582693099976
0.39286890625953674
0.05397433415055275
0.044603317975997925
0.9183939099311829
0.20089079439640045
0.13458114862442017
0.396160364151001
0.20164989
-0.23576993
-2.2758365
0.0
0.18794330954551697
0.41733551025390625
0.09380091726779938
0.046787627041339874
0.03666544333100319
0.15872269868850708
0.045105788856744766
0.03553418815135956
0.13103552162647247
0.046966973692178726
0.03750302642583847
0.39276862144470215
0.05424324795603752
0.04479540139436722
0.9185838103294373
0.20121881365776062
0.13453494012355804
0.39551588892936707
0.20171936
-0.2359971
-2.2755177
0.0
0.18790821731090546
0.41720902919769287
0.09449517726898193
0.046712376177310944
0.03659382835030556
0.15883013606071472
0.04507537558674812
0.035507332533597946
0.13109800219535828
0.04702914133667946
0.037558622658252716
0.3927793502807617
0.05422455444931984
0.044775430113077164
0.9188300371170044
0.2012435644865036
0.13472767174243927
0.3953133523464203
0.2021142
-0.23627448
-2.2759078
0.0
0.18781279027462006
0.4168720543384552
0.09527967125177383
0.046631891280412674
0.03651880845427513
0.15900753438472748
0.044984012842178345
0.03543338179588318
0.1309182345867157
0.04711780697107315
0.03765374422073364
0.3928791582584381
0.0541948527097702
0.04475012421607971
0.9192299246788025
0.20126384496688843
0.13537752628326416
0.3949604630470276
0.20039244
-0.2377104
-2.2684727
0.0
0.18769718706607819
0.4163277745246887
0.09635314345359802
0.046598631888628006
0.03647797182202339
0.15919414162635803
0.04483398422598839
0.03531540930271149
0.13077157735824585
0.04730094596743584
0.03784169256687164
0.393201619386673
0.054081398993730545
0.044654086232185364
0.9200103282928467
0.20112933218479156
0.13676077127456665
0.3944132626056671
0.19969937
-0.23852369
-2.264976
0.0
0.187607079744339
0.4160877764225006
0.09662413597106934
0.04658839479088783
0.03646816685795784
0.15934784710407257
0.04472213238477707
0.03522920981049538
0.1308099776506424
0.04727698862552643
0.0378243587911129
0.3935793340206146
0.05386484041810036
0.044474802911281586
0.9202477335929871
0.20114633440971375
0.1366654336452484
0.39481356739997864
0.19926046
-0.23952182
-2.261733
0.0
0.1873832494020462
0.41575688123703003
0.09662413597106934
0.046564072370529175
0.03644854202866554
0.15947139263153076
0.044478826224803925
0.035037461668252945
0.1308140903711319
0.04723408818244934
0.03780543804168701
0.3938812017440796
0.05376511067152023
0.044391606003046036
0.9203386306762695
0.2012668251991272
0.13702720403671265
0.3947688043117523
0.19969246
-0.23987633
-2.2620707
0.0
0.18723760545253754
0.41559508442878723
0.09658890962600708
0.046542298048734665
0.0364321805536747
0.1596023291349411
0.04419642314314842
0.034817274659872055
0.13084104657173157
0.04722651466727257
0.03781016916036606
0.39417293667793274
0.053796157240867615
0.04441846162080765
0.9203183650970459
0.20141972601413727
0.13708695769309998
0.3948225677013397
0.1998312
-0.24033825
-2.2614388
0.0
0.18695273995399475
0.41531243920326233
0.09650729596614838
0.04657687619328499
0.036466531455516815
0.15966983139514923
0.044116757810115814
0.034752145409584045
0.1306842565536499
0.04705575853586197
0.03768856078386307
0.3943701386451721
0.05384712666273117
0.04445737227797508
0.920365035533905
0.2012990266084671
0.13762979209423065
0.3947688043117523
0.19836423
-0.24191357
-2.2543972
0.0
0.18636688590049744
0.4154629409313202
0.09620805829763412
0.04659607261419296
0.03648450970649719
0.1597507745027542
0.04393935203552246
0.03461635857820511
0.1305387169122696
0.04691743478178978
0.03759828582406044
0.39471763372421265
0.053726278245449066
0.04435667395591736
0.9198379516601562
0.20120598375797272
0.1381908357143402
0.39479777216911316
0.19665755
-0.24327223
-2.2472117
0.0
0.18588374555110931
0.4152926504611969
0.09594523161649704
0.04667278751730919
0.03655470535159111
0.15971630811691284
0.0434892512857914
0.034268446266651154
0.13047276437282562
0.04666512459516525
0.03741548955440521
0.39502954483032227
0.05370074138045311
0.04433516040444374
0.9194715023040771
0.20149388909339905
0.13824230432510376
0.39465996623039246
0.19519004
-0.24395743
-2.242037
0.0
0.1845242977142334
0.4149497449398041
0.09552370756864548
0.046598631888628006
0.036513909697532654
0.1595134139060974
0.04333818331360817
0.034167397767305374
0.13047046959400177
0.04649743810296059
0.03729419410228729
0.39520761370658875
0.05378950759768486
0.04440503567457199
0.917618989944458
0.20149418711662292
0.13816659152507782
0.39444321393966675
0.19125597
-0.24477814
-2.2302008
0.0
0.18395297229290009
0.415111780166626
0.09540864825248718
0.046492308378219604
0.03643709048628807
0.1591080129146576
0.042935967445373535
0.03387123718857765
0.13036000728607178
0.04642556980252266
0.03726860508322716
0.3952997326850891
0.053806133568286896
0.04442114755511284
0.9173494577407837
0.20168530941009521
0.13791710138320923
0.3941645622253418
0.18972999
-0.24516578
-2.2254345
0.0
0.1830972582101822
0.415747731924057
0.095303475856781
0.04643455892801285
0.036399438977241516
0.1585770547389984
0.04273274540901184
0.03373190388083458
0.13042052090168
0.046443548053503036
0.03730218484997749
0.39547938108444214
0.053860414773225784
0.0444694422185421
0.9165647625923157
0.20169036090373993
0.13780736923217773
0.3939664661884308
0.18924613
-0.24538082
-2.223731
0.0
0.18235856294631958
0.4162633717060089
0.09469711035490036
0.04610724747180939
0.03615951910614967
0.1582748144865036
0.042412031441926956
0.0334942452609539
0.13048283755779266
0.046528201550245285
0.0373883917927742
0.39569780230522156
0.05390578880906105
0.04451366513967514
0.9156343936920166
0.2013946920633316
0.13780605792999268
0.3939540386199951
0.18858814
-0.24566868
-2.221422
0.0
0.18176402151584625
0.4172458052635193
0.09411793202161789
0.045954398810863495
0.03605715185403824
0.1580871343612671
0.04216671362519264
0.033310409635305405
0.1306385099887848
0.04645253345370293
0.037343718111515045
0.3959749639034271
0.05384380370378494
0.04446541890501976
0.9147250056266785
0.20131929218769073
0.13789671659469604
0.39394626021385193
0.18819866
-0.24586718
-2.2199967
0.0
0.181570366024971
0.4179832339286804
0.09381873160600662
0.0458751805126667
0.03600751608610153
0.15800154209136963
0.042061947286129
0.033235158771276474
0.1308702826499939
0.04645766690373421
0.03736606240272522
0.39628732204437256
0.05366186052560806
0.04432305321097374
0.9145089387893677
0.20118212699890137
0.1382570117712021
0.39400652050971985
0.18728504
-0.24619637
-2.2169287
0.0
0.18153966963291168
0.4181545674800873
0.09367737919092178
0.045811451971530914
0.03596609830856323
0.15805381536483765
0.042016565799713135
0.03320465236902237
0.1310948133468628
0.04638059437274933
0.03731976076960564
0.3967422842979431
0.053242381662130356
0.043996307998895645
0.9147462248802185
0.200931116938591
0.13868539035320282
0.3944314122200012
0.1872992
-0.2462435
-2.2168703
0.0
0.18140657246112823
0.41877150535583496
0.09343556314706802
0.04576457291841507
0.035936251282691956
0.1581287831068039
0.04192138463258743
0.03313455730676651
0.13127388060092926
0.046358734369277954
0.037311773747205734
0.3971690237522125
0.05323566123843193
0.04400308430194855
0.9145646095275879
0.20089229941368103
0.13876685500144958
0.3946847915649414
0.18735231
-0.24627471
-2.2169464
0.0
0.18124626576900482
0.4193331301212311
0.09331218898296356
0.045795828104019165
0.035969413816928864
0.1581953763961792
0.04193133860826492
0.033145349472761154
0.1314736306667328
0.046407584100961685
0.037361275404691696
0.3974663317203522
0.05327261611819267
0.04403829947113991
0.914448082447052
0.20073840022087097
0.13902774453163147
0.39472880959510803
0.18727624
-0.24620092
-2.2168965
0.0
0.18086561560630798
0.42059648036956787
0.09288838505744934
0.045675888657569885
0.03588644787669182
0.15831753611564636
0.04177606478333473
0.033022817224264145
0.1315695345401764
0.04648717865347862
0.03742664307355881
0.39776310324668884
0.05338108539581299
0.04413432255387306
0.9136735796928406
0.20058709383010864
0.13895976543426514
0.39494913816452026
0.18643281
-0.24577716
-2.2155383
0.0
0.18062223494052887
0.42138874530792236
0.09295904636383057
0.04573198780417442
0.03593127429485321
0.15836139023303986
0.041439320892095566
0.03276364505290985
0.13171438872814178
0.04653717204928398
0.03746803477406502
0.397885262966156
0.05350048467516899
0.04424361512064934
0.9133487939834595
0.20084179937839508
0.13847655057907104
0.3949539363384247
0.18613607
-0.24560666
-2.2151022
0.0
0.18047618865966797
0.4216400682926178
0.0930347889661789
0.04575154185295105
0.03594620153307915
0.15825968980789185
0.0414479523897171
0.03278001770377159
0.13175205886363983
0.046553827822208405
0.037482354789972305
0.39789849519729614
0.05352165922522545
0.04425978288054466
0.9131463170051575
0.20093052089214325
0.13815924525260925
0.39495208859443665
0.18622038
-0.24550036
-2.2155414
0.0
0.1804330050945282
0.4219557046890259
0.09335823357105255
0.04582836851477623
0.036002546548843384
0.15788747370243073
0.04186730459332466
0.03312915936112404
0.1318468451499939
0.04660247266292572
0.0375220961868763
0.39784571528434753
0.053588468581438065
0.04432305321097374
0.9133080840110779
0.20078115165233612
0.13778869807720184
0.39484548568725586
0.1843299
-0.24507286
-2.211403
0.0
0.18041573464870453
0.42227140069007874
0.09388487786054611
0.0458504818379879
0.036020759493112564
0.15763632953166962
0.04225287586450577
0.03344971686601639
0.1319492757320404
0.046759579330682755
0.037652160972356796
0.39775002002716064
0.05357399955391884
0.044324398040771484
0.9137779474258423
0.20061041414737701
0.1373131424188614
0.3947570025920868
0.1833147
-0.24571432
-2.2073965
0.0
0.17996375262737274
0.4230090379714966
0.0940830409526825
0.04575154185295105
0.03594454377889633
0.1572386771440506
0.04238530993461609
0.03358666971325874
0.13216610252857208
0.046897098422050476
0.037769149988889694
0.39774277806282043
0.053585126996040344
0.04432843625545502
0.9121779203414917
0.20078742504119873
0.13631103932857513
0.39450803399086
0.18243757
-0.24618565
-2.204101
0.0
0.17966747283935547
0.42362672090530396
0.09396876394748688
0.045795828104019165
0.03599592298269272
0.15696515142917633
0.04254116490483284
0.03374074026942253
0.13237714767456055
0.0469682440161705
0.0378275103867054
0.39789217710494995
0.053459227085113525
0.04423418268561363
0.9108816385269165
0.2007279396057129
0.13528652489185333
0.39457377791404724
0.18231048
-0.24669679
-2.202731
0.0
0.1795276701450348
0.42404165863990784
0.09402084350585938
0.04595829173922539
0.036139730364084244
0.15702462196350098
0.04242749139666557
0.033661138266325
0.13291390240192413
0.047165870666503906
0.03801146522164345
0.3979135751724243
0.05347707122564316
0.044257089495658875
0.9110888838768005
0.2002808302640915
0.13558626174926758
0.3940044939517975
0.18220706
-0.24702546
-2.2017937
0.0
0.17938107252120972
0.4243897795677185
0.09419146925210953
0.04597126320004463
0.03616116940975189
0.1570391058921814
0.04244153946638107
0.033687692135572433
0.13348345458507538
0.047303467988967896
0.038152363151311874
0.39805737137794495
0.05352500081062317
0.04430825635790825
0.9111002683639526
0.1999605894088745
0.13604804873466492
0.3934885561466217
0.18172243
-0.24730177
-2.1999428
0.0
0.17918989062309265
0.4247865378856659
0.09430801123380661
0.04592194780707359
0.03612817823886871
0.15708673000335693
0.04258318990468979
0.03381839394569397
0.1339479684829712
0.047748856246471405
0.03853795677423477
0.39835110306739807
0.05367186293005943
0.044438593089580536
0.9110954403877258
0.19982071220874786
0.13613547384738922
0.3933382034301758
0.18053584
-0.24654636
-2.198274
0.0
0.1789683699607849
0.4254147708415985
0.09447496384382248
0.0458751805126667
0.036096811294555664
0.15700098872184753
0.04253415763378143
0.033795468509197235
0.13433393836021423
0.048187658190727234
0.03890747204422951
0.3990130126476288
0.05379505082964897
0.04457925260066986
0.9112455248832703
0.19976064562797546
0.13593901693820953
0.3938748240470886
0.18088445
-0.24583225
-2.2006488
0.0
0.17867447435855865
0.42591017484664917
0.09452991932630539
0.04591415822505951
0.036136429756879807
0.15702347457408905
0.04259859025478363
0.03385539352893829
0.1344687044620514
0.048467736691236496
0.0391412191092968
0.39959943294525146
0.053930122405290604
0.044738128781318665
0.9115690588951111
0.19959656894207
0.13559022545814514
0.3947204351425171
0.18188247
-0.24528114
-2.2044432
0.0
0.17850066721439362
0.42642349004745483
0.09433648735284805
0.04605160653591156
0.03625337406992912
0.15702271461486816
0.042507514357566833
0.033784884959459305
0.1346144676208496
0.04866662994027138
0.039303865283727646
0.4001772403717041
0.05358290299773216
0.04448552802205086
0.9120694398880005
0.19941040873527527
0.1354556828737259
0.3956221640110016
0.18341993
-0.2450463
-2.2090328
0.0
0.1781979501247406
0.4263521432876587
0.09420984983444214
0.04621962085366249
0.03639616444706917
0.15703833103179932
0.042412031441926956
0.03371245786547661
0.1347285509109497
0.04876454919576645
0.039384178817272186
0.40053632855415344
0.05355061963200569
0.04447614401578903
0.9128075838088989
0.1992845982313156
0.13540314137935638
0.3960404694080353
0.18491903
-0.2452827
-2.2125406
0.0
0.17801795899868011
0.4259042739868164
0.09379836916923523
0.04619123041629791
0.036389611661434174
0.15702462196350098
0.042417652904987335
0.03371953219175339
0.13480396568775177
0.04884640872478485
0.03945072740316391
0.40063461661338806
0.053557299077510834
0.04448552802205086
0.9130655527114868
0.19901011884212494
0.13525956869125366
0.3960936367511749
0.18597543
-0.24577653
-2.2143323
0.0
0.17786002159118652
0.4257800281047821
0.09240130335092545
0.0459180548787117
0.03621717914938927
0.15696857869625092
0.042388126254081726
0.03370184823870659
0.13484521210193634
0.048873256891965866
0.03947490081191063
0.40084531903266907
0.05351608619093895
0.0444520078599453
0.9126726984977722
0.19840291142463684
0.1351335346698761
0.396279901266098
0.18514526
-0.24519093
-2.2133274
0.0
0.17776229977607727
0.425849586725235
0.09236577153205872
0.04591156169772148
0.03621553257107735
0.1569056510925293
0.04236561432480812
0.033687692135572433
0.1349378377199173
0.04894518852233887
0.039535269141197205
0.4011181890964508
0.05340007320046425
0.044360704720020294
0.9128941297531128
0.19847244024276733
0.13498391211032867
0.39654049277305603
0.18497278
-0.24504475
-2.213168
0.0
0.17768307030200958
0.4257989525794983
0.09237675368785858
0.04594272002577782
0.036238573491573334
0.15642353892326355
0.04234449937939644
0.03370538353919983
0.13498656451702118
0.04903647303581238
0.03960307314991951
0.4013475775718689
0.05346480384469032
0.044413093477487564
0.9127073884010315
0.198795348405838
0.1341482251882553
0.39672979712486267
0.18509513
-0.24477452
-2.2140436
0.0
0.17768003046512604
0.4257782995700836
0.09238968044519424
0.045947909355163574
0.036241862922906876
0.15593113005161285
0.042358577251434326
0.03373897448182106
0.13501225411891937
0.04904619976878166
0.03961210325360298
0.4016824960708618
0.05338220298290253
0.0443459190428257
0.9127114415168762
0.19906286895275116
0.13353180885314941
0.3970702588558197
0.18522565
-0.24428262
-2.2153955
0.0
0.17773297429084778
0.4254377484321594
0.09202133864164352
0.0458153560757637
0.0361446775496006
0.1558743119239807
0.04233464226126671
0.03371953219175339
0.13502687215805054
0.04904619976878166
0.039609093219041824
0.40204867720603943
0.05337885022163391
0.044344574213027954
0.9127299189567566
0.1990734189748764
0.13351121544837952
0.3974406123161316
0.18587309
-0.24407758
-2.2175314
0.0
0.17770904302597046
0.42487314343452454
0.09140893071889877
0.04569285735487938
0.03606211021542549
0.1558685600757599
0.042271215468645096
0.03366822004318237
0.1350671499967575
0.049010928720235825
0.03958801552653313
0.4024478793144226
0.053488221019506454
0.04443591088056564
0.9132285118103027
0.19920358061790466
0.1337103247642517
0.3977109491825104
0.18599665
-0.24404271
-2.21793
0.0
0.17782127857208252
0.4235202670097351
0.09135406464338303
0.04567850008606911
0.03605053946375847
0.15585511922836304
0.042228881269693375
0.03363633155822754
0.13534750044345856
0.04878533259034157
0.039426542818546295
0.4030282199382782
0.05359736829996109
0.04452705755829811
0.9147832989692688
0.19921652972698212
0.13459047675132751
0.39780494570732117
0.18649796
-0.24383137
-2.2196898
0.0
0.17797116935253143
0.4222549796104431
0.09134948998689651
0.045677196234464645
0.03605218976736069
0.15585049986839294
0.04221334680914879
0.033622149378061295
0.1354459673166275
0.048601649701595306
0.039287175983190536
0.403754323720932
0.053806133568286896
0.04470213130116463
0.9163517951965332
0.19923129677772522
0.13497239351272583
0.3982873260974884
0.18703178
-0.24363098
-2.2215116
0.0
0.1783374547958374
0.4202423393726349
0.09128151088953018
0.045621030032634735
0.036005858331918716
0.15585049986839294
0.042180851101875305
0.03359554335474968
0.1354706883430481
0.04850339889526367
0.039211224764585495
0.4043353199958801
0.05399642512202263
0.044867221266031265
0.9189232587814331
0.1993035525083542
0.13516362011432648
0.3987504243850708
0.18655817
-0.24360557
-2.2203133
0.0
0.17836801707744598
0.41867944598197937
0.09116635471582413
0.04556610435247421
0.03596444055438042
0.15581940114498138
0.042173780500888824
0.03359021991491318
0.1355077475309372
0.04847634583711624
0.03919297456741333
0.4048852324485779
0.05410565063357353
0.044958822429180145
0.9202725291252136
0.1993962675333023
0.13522376120090485
0.39921456575393677
0.18582031
-0.24371357
-2.218139
0.0
0.17829175293445587
0.41817423701286316
0.09100384265184402
0.04556610435247421
0.03596444055438042
0.15573948621749878
0.042169541120529175
0.03358844667673111
0.13556112349033356
0.0483655147254467
0.0391046442091465
0.4054528772830963
0.05429708957672119
0.04511900618672371
0.9202514886856079
0.19950997829437256
0.13530419766902924
0.39961400628089905
0.1843711
-0.24398664
-2.2137299
0.0
0.17827056348323822
0.4180438816547394
0.0905541181564331
0.045461300760507584
0.035888105630874634
0.15569990873336792
0.04213842377066612
0.03356713801622391
0.13569161295890808
0.04822476580739021
0.038994718343019485
0.40609991550445557
0.05457534268498421
0.04534310847520828
0.9199044108390808
0.1996990591287613
0.13554084300994873
0.3999498188495636
0.18366614
-0.24417405
-2.2114675
0.0
0.17828166484832764
0.4175286889076233
0.09030000120401382
0.045341793447732925
0.03579995408654213
0.15558762848377228
0.04202223941683769
0.03347821906208992
0.13572464883327484
0.04818147048354149
0.03895800560712814
0.4065133035182953
0.05452505871653557
0.045301008969545364
0.9199826121330261
0.19974112510681152
0.13557612895965576
0.40032410621643066
0.18319775
-0.2444034
-2.2097485
0.0
0.1782638430595398
0.41718873381614685
0.09021403640508652
0.045370712876319885
0.03582159802317619
0.1555710881948471
0.04201230779290199
0.03346753492951393
0.13582196831703186
0.048200029879808426
0.038974836468696594
0.4070797264575958
0.05464523285627365
0.04539304971694946
0.9199663996696472
0.1997615396976471
0.1357237696647644
0.40066349506378174
0.18305604
-0.2445132
-2.209146
0.0
0.17824804782867432
0.4169902503490448
0.09017036110162735
0.045416686683893204
0.0358598567545414
0.15553069114685059
0.04201372712850571
0.033465754240751266
0.13585981726646423
0.04823341965675354
0.03900083154439926
0.40766915678977966
0.0548500120639801
0.045555636286735535
0.9199789762496948
0.1997176855802536
0.13581888377666473
0.4010760486125946
0.18298273
-0.24460277
-2.2087677
0.0
0.17819391191005707
0.41682934761047363
0.08967987447977066
0.0455373078584671
0.03596444055438042
0.15545949339866638
0.04195692390203476
0.03342297300696373
0.13588622212409973
0.048249486833810806
0.03901306167244911
0.40845170617103577
0.055134132504463196
0.04577629640698433
0.9196380376815796
0.1999005675315857
0.13583913445472717
0.4016343355178833
0.18233214
-0.24483243
-2.2065592
0.0
0.17807820439338684
0.41648736596107483
0.0890359953045845
0.04573720321059227
0.03613147884607315
0.1554371565580368
0.04190146550536156
0.033380135893821716
0.13592714071273804
0.04830136522650719
0.039055828005075455
0.40917322039604187
0.055454447865486145
0.04603477194905281
0.9193055033683777
0.20015046000480652
0.13581493496894836
0.402142196893692
0.18210028
-0.24507831
-2.2054386
0.0
0.1779085397720337
0.41616782546043396
0.08807628601789474
0.04582966864109039
0.03622047230601311
0.15544293820858002
0.04185305908322334
0.03334261104464531
0.1359882652759552
0.048391398042440414
0.03912598267197609
0.40986931324005127
0.05547057464718819
0.0460425429046154
0.9185431003570557
0.2005760222673416
0.1357748657464981
0.402715802192688
0.18174055
-0.24537797
-2.2038665
0.0
0.17782768607139587
0.41606903076171875
0.0878911018371582
0.04591156169772148
0.03628460690379143
0.15538287162780762
0.04170893132686615
0.033227983862161636
0.13605639338493347
0.048419732600450516
0.039148833602666855
0.41044360399246216
0.055415719747543335
0.0459907129406929
0.9184024930000305
0.20065557956695557
0.1357819139957428
0.4031888246536255
0.18069257
-0.24571323
-2.2003725
0.0
0.17775185406208038
0.4160330593585968
0.08785782754421234
0.04592844098806381
0.03630267456173897
0.15532778203487396
0.041504014283418655
0.033071525394916534
0.13617543876171112
0.04853289574384689
0.0392385832965374
0.41095685958862305
0.05531447008252144
0.04590636491775513
0.9183488488197327
0.20081640779972076
0.13556861877441406
0.4036034941673279
0.18002024
-0.24602108
-2.1979406
0.0
0.1776098757982254
0.41608718037605286
0.08782589435577393
0.04596218094229698
0.036330584436655045
0.15525572001934052
0.04158151522278786
0.033143550157547
0.13630884885787964
0.048615142703056335
0.03930841386318207
0.41149917244911194
0.055164407938718796
0.04577499255537987
0.9182751178741455
0.20097382366657257
0.13542963564395905
0.404025673866272
0.17951632
-0.2463534
-2.1959128
0.0
0.17745429277420044
0.41608983278274536
0.08750797063112259
0.04598812013864517
0.036355189979076385
0.1552734524011612
0.04167317971587181
0.0332208052277565
0.13640882074832916
0.048597969114780426
0.039294760674238205
0.41215065121650696
0.055260539054870605
0.04585178196430206
0.9180110096931458
0.20119823515415192
0.13538724184036255
0.40448376536369324
0.16665179
-0.25304863
-2.1475172
0.0
0.15902899205684662
0.3974515497684479
0.08083365857601166
0.04432978108525276
0.03516314923763275
0.1583126336336136
0.039667751640081406
0.031587108969688416
0.139742910861969
0.04753483831882477
0.03854569047689438
0.42029523849487305
0.05396770313382149
0.04492432624101639
0.9168204069137573
0.20645470917224884
0.13938042521476746
0.4105932414531708
0.16506474
-0.2528543
-2.1434364
0.0
0.15896159410476685
0.39824384450912476
0.08086466044187546
0.04432843625545502
0.03515975549817085
0.15831981599330902
0.03969479724764824
0.03160786256194115
0.13974376022815704
0.04752354696393013
0.03853486105799675
0.42013099789619446
0.053871482610702515
0.044843293726444244
0.9166434407234192
0.2064509242773056
0.13934266567230225
0.4104542136192322
0.16419232
-0.2524509
-2.1417391
0.0
0.15887270867824554
0.39920106530189514
0.08088678866624832
0.04435398429632187
0.03518179431557655
0.1583050638437271
0.0396977998316288
0.03161540627479553
0.1397411972284317
0.04752730950713158
0.03854259476065636
0.41994553804397583
0.0538426972925663
0.04482068493962288
0.9165681004524231
0.20646516978740692
0.13922631740570068
0.41028761863708496
0.16397144
-0.25202072
-2.1419253
0.0
0.15890774130821228
0.39983469247817993
0.08085211366415024
0.044391606003046036
0.03521397337317467
0.15826347470283508
0.03971131518483162
0.031630489975214005
0.139717236161232
0.04753609374165535
0.03854569047689438
0.4197506010532379
0.05394228175282478
0.04490441456437111
0.9165021181106567
0.20643173158168793
0.13906945288181305
0.410086452960968
0.16418472
-0.25166646
-2.1431956
0.0
0.15892694890499115
0.40025466680526733
0.08088236302137375
0.044442616403102875
0.0352545827627182
0.1581772118806839
0.03961511328816414
0.03155878931283951
0.13970567286014557
0.047549888491630554
0.03855806216597557
0.4193584620952606
0.05418604984879494
0.04510050266981125
0.9164242148399353
0.20646721124649048
0.13876298069953918
0.40960419178009033
0.16570276
-0.2509526
-2.1488266
0.0
0.15899436175823212
0.40065890550613403
0.08093398809432983
0.044494908303022385
0.03529852256178856
0.15809205174446106
0.03969179466366768
0.03162483498454094
0.1396714299917221
0.04760127514600754
0.038599785417318344
0.41889461874961853
0.05475098639726639
0.04556741192936897
0.9164026379585266
0.20646284520626068
0.13850460946559906
0.40896672010421753
0.16499318
-0.25014618
-2.148363
0.0
0.15933996438980103
0.4014105796813965
0.08129151165485382
0.04463939741253853
0.03540308400988579
0.1579909324645996
0.039738330990076065
0.03166627883911133
0.13963674008846283
0.04764008894562721
0.038630664348602295
0.4185769557952881
0.055198993533849716
0.045941419899463654
0.916853129863739
0.20626182854175568
0.1383797824382782
0.40853482484817505
0.16517952
-0.24955846
-2.1500123
0.0
0.15963345766067505
0.40211647748947144
0.08165477961301804
0.04495484381914139
0.03564474731683731
0.15787231922149658
0.03974283114075661
0.031677570194005966
0.13957206904888153
0.047697629779577255
0.03868002071976662
0.41821327805519104
0.05565839633345604
0.04632013291120529
0.9172161221504211
0.20606936514377594
0.13818347454071045
0.408092737197876
0.1644781
-0.2489583
-2.1491773
0.0
0.16015121340751648
0.4031652808189392
0.08210951834917068
0.04530363902449608
0.03590969741344452
0.15769819915294647
0.039630159735679626
0.03159277141094208
0.13954806327819824
0.047746360301971436
0.03872469440102577
0.41799527406692505
0.055857330560684204
0.04648461192846298
0.9182169437408447
0.20593008399009705
0.13793574273586273
0.4078531265258789
0.16464514
-0.24878708
-2.149979
0.0
0.16072021424770355
0.4043324291706085
0.08237580209970474
0.04543112590909004
0.036002546548843384
0.15744827687740326
0.0396902896463871
0.03165121376514435
0.13952021300792694
0.047776322811841965
0.038746241480112076
0.4178294837474823
0.05610235407948494
0.04668939486145973
0.9190536141395569
0.20578107237815857
0.13782212138175964
0.40764057636260986
0.16466904
-0.24862798
-2.1503525
0.0
0.1608981490135193
0.40463048219680786
0.08238884061574936
0.045469168573617935
0.036033995449543
0.15716519951820374
0.03989555314183235
0.03182214871048927
0.1393396556377411
0.04785239323973656
0.03880620375275612
0.41770943999290466
0.05621279403567314
0.046781253069639206
0.9191771745681763
0.20570580661296844
0.1374611109495163
0.40765380859375
0.1650964
-0.24849862
-2.1518114
0.0
0.16096845269203186
0.4048307538032532
0.08235406130552292
0.04548359289765358
0.0360439233481884
0.15679728984832764
0.040182940661907196
0.032057326287031174
0.13923919200897217
0.04781374707818031
0.038770854473114014
0.41759777069091797
0.05623612925410271
0.046797819435596466
0.9191460013389587
0.20551691949367523
0.13738802075386047
0.4076022505760193
0.16639544
-0.24822086
-2.1560163
0.0
0.161036878824234
0.40500232577323914
0.0823315978050232
0.045530758798122406
0.036080293357372284
0.15671290457248688
0.04028370976448059
0.032139044255018234
0.13918979465961456
0.04776883125305176
0.038729313760995865
0.41752663254737854
0.056245673447847366
0.04680546373128891
0.9191516637802124
0.20547747611999512
0.13737714290618896
0.4075559377670288
0.16739437
-0.24798818
-2.1592789
0.0
0.16110971570014954
0.40515661239624023
0.08231855183839798
0.04563670977950096
0.03616446629166603
0.1566770076751709
0.040316253900527954
0.03216500207781792
0.13918636739253998
0.047746360301971436
0.03871391713619232
0.41744402050971985
0.0563039593398571
0.04685257747769356
0.9191726446151733
0.20549939572811127
0.13740848004817963
0.4074428379535675
0.16762143
-0.24777994
-2.1603212
0.0
0.16142301261425018
0.4057667851448059
0.08240839093923569
0.04590636491775513
0.036371584981679916
0.15666860342025757
0.04032069072127342
0.03217056393623352
0.1391846388578415
0.04769263043999672
0.03866922855377197
0.4173735976219177
0.05632195994257927
0.04686657339334488
0.9195217490196228
0.2056010216474533
0.13743937015533447
0.4073534905910492
0.1685857
-0.24778262
-2.1630204
0.0
0.16152423620224
0.40592530369758606
0.08241055905818939
0.045994602143764496
0.036438725888729095
0.15667586028575897
0.04032808542251587
0.03217427060008049
0.13911975920200348
0.047731369733810425
0.038695432245731354
0.41727256774902344
0.056447822600603104
0.0469682440161705
0.9195485711097717
0.20565064251422882
0.13730312883853912
0.40725192427635193
0.1694229
-0.24752945
-2.1658556
0.0
0.16175977885723114
0.40608182549476624
0.08240114897489548
0.04600108414888382
0.03644363582134247
0.15667586028575897
0.0403236486017704
0.032172415405511856
0.1390204280614853
0.04765760898590088
0.03862757980823517
0.4171375334262848
0.056703969836235046
0.04717851057648659
0.9195634126663208
0.2057390660047531
0.1370943784713745
0.40705999732017517
0.17181252
-0.2470007
-2.1735427
0.0
0.16228704154491425
0.40601617097854614
0.08237724751234055
0.04600626975297928
0.03644527122378349
0.15664911270141602
0.04036355018615723
0.03220575302839279
0.13896450400352478
0.04756994917988777
0.038550328463315964
0.4169396162033081
0.057255543768405914
0.0476188063621521
0.9168691635131836
0.20574022829532623
0.13703025877475739
0.4066055417060852
0.17180234
-0.2464696
-2.1745622
0.0
0.16301143169403076
0.4063396155834198
0.08272494375705719
0.04608655348420143
0.036494310945272446
0.1566372662782669
0.04038422554731369
0.032222408801317215
0.1389438509941101
0.04757245257496834
0.038553424179553986
0.41672879457473755
0.05750083550810814
0.04781749099493027
0.9164943695068359
0.20583882927894592
0.13700582087039948
0.4062912166118622
0.17397797
-0.24562918
-2.1822472
0.0
0.1634812355041504
0.4066140055656433
0.08303885161876678
0.046178318560123444
0.03655960038304329
0.15659867227077484
0.04055953025817871
0.03236271068453789
0.13878366351127625
0.04761379957199097
0.038578156381845474
0.41657355427742004
0.0577409565448761
0.0480128675699234
0.9166204929351807
0.2058449536561966
0.13685736060142517
0.4061850309371948
0.17583205
-0.2450742
-2.188454
0.0
0.1642875224351883
0.4073387384414673
0.08322763442993164
0.046244122087955475
0.03660034388303757
0.15655241906642914
0.04069747030735016
0.032467540353536606
0.13854388892650604
0.04763132706284523
0.038585882633924484
0.41644197702407837
0.057967737317085266
0.048200029879808426
0.9164790511131287
0.20587964355945587
0.13664399087429047
0.4061761200428009
0.17735599
-0.24523975
-2.1922874
0.0
0.16510222852230072
0.4081202447414398
0.08326992392539978
0.046254437416791916
0.036608487367630005
0.15650080144405365
0.04074285924434662
0.03250791132450104
0.1382267326116562
0.047492168843746185
0.03846362605690956
0.41639837622642517
0.05793480947613716
0.04817033186554909
0.9153949618339539
0.2058662325143814
0.13625794649124146
0.40638983249664307
0.17875499
-0.24559611
-2.195374
0.0
0.16573604941368103
0.40941181778907776
0.08325845748186111
0.046254437416791916
0.03660523146390915
0.1564422845840454
0.04077211767435074
0.0325317420065403
0.13798904418945312
0.04732741042971611
0.03831764683127403
0.4163344204425812
0.05785342678427696
0.04809848219156265
0.9129746556282043
0.20586244761943817
0.1359187811613083
0.40652477741241455
0.17921832
-0.24568118
-2.1964579
0.0
0.1662537008523941
0.41087374091148376
0.08325988799333572
0.04622478038072586
0.03658405318856239
0.15643654763698578
0.040777966380119324
0.03253357484936714
0.137833833694458
0.047194939106702805
0.0382038950920105
0.4162414073944092
0.05769549310207367
0.04796813800930977
0.911141037940979
0.20585720241069794
0.13571012020111084
0.4066004157066345
0.17942926
-0.24552947
-2.197334
0.0
0.16659191250801086
0.4114702641963959
0.08337734639644623
0.04621187970042229
0.036572642624378204
0.1564258337020874
0.04081450030207634
0.03256288170814514
0.13773705065250397
0.047131724655628204
0.038149237632751465
0.4159500002861023
0.057472825050354004
0.047781314700841904
0.9111151695251465
0.20578545331954956
0.1356140375137329
0.40646883845329285
0.17951918
-0.24538986
-2.1978586
0.0
0.16683652997016907
0.41221582889556885
0.08387542515993118
0.046293094754219055
0.03662802651524544
0.1564086228609085
0.0408320277929306
0.03257935121655464
0.13773705065250397
0.047125399112701416
0.038142986595630646
0.4156002700328827
0.05730343982577324
0.04764008894562721
0.9110573530197144
0.20559664070606232
0.1356382817029953
0.40617355704307556
0.17996098
-0.24511568
-2.1996062
0.0
0.16720294952392578
0.4125407636165619
0.08388680964708328
0.04623638838529587
0.03658405318856239
0.15647633373737335
0.04102286323904991
0.032725412398576736
0.13767626881599426
0.047041818499565125
0.038069453090429306
0.4152270257472992
0.057240959256887436
0.047586239874362946
0.910766065120697
0.20545469224452972
0.13574491441249847
0.40585482120513916
0.18113309
-0.24484722
-2.2033095
0.0
0.16750960052013397
0.4128396213054657
0.08394157141447067
0.046223487704992294
0.03657427430152893
0.1565466970205307
0.040995240211486816
0.03269442915916443
0.13758155703544617
0.0467863529920578
0.03785429522395134
0.414725124835968
0.057235751301050186
0.04758373275399208
0.9109795093536377
0.20532523095607758
0.13573522865772247
0.4053909182548523
0.18220522
-0.24472366
-2.20644
0.0
0.16804499924182892
0.4135890603065491
0.08403393626213074
0.04619381204247475
0.0365481823682785
0.15665140748023987
0.04117952659726143
0.03283271566033363
0.1374698132276535
0.04671109840273857
0.037777043879032135
0.41412264108657837
0.057209696620702744
0.04756242781877518
0.9114322066307068
0.20509092509746552
0.13572773337364197
0.40491095185279846
0.18218966
-0.24475925
-2.2063258
0.0
0.16835227608680725
0.4137845039367676
0.08415102958679199
0.046111129224300385
0.03648287430405617
0.1566326916217804
0.0412677526473999
0.03290345519781113
0.13722777366638184
0.04651026055216789
0.03759194165468216
0.41337278485298157
0.057143986225128174
0.047505978494882584
0.9116708636283875
0.2049020677804947
0.13529624044895172
0.4044160544872284
0.18216561
-0.2446488
-2.206486
0.0
0.16849912703037262
0.4136101305484772
0.08441724628210068
0.046108540147542953
0.036476340144872665
0.15661129355430603
0.04125908017158508
0.032892581075429916
0.1370062530040741
0.046233806759119034
0.03735010325908661
0.4125669300556183
0.05714607238769531
0.04750095680356026
0.9117022752761841
0.20473238825798035
0.13482525944709778
0.403812438249588
0.18164268
-0.2443659
-2.2056572
0.0
0.16863413155078888
0.4134904444217682
0.08470728993415833
0.04619639366865158
0.036538392305374146
0.1565810889005661
0.04126919433474541
0.03289983049035072
0.13693073391914368
0.04603995382785797
0.037180520594120026
0.4118983745574951
0.05709909275174141
0.04745574668049812
0.9116330146789551
0.204588383436203
0.13461801409721375
0.4032104015350342
0.17919716
-0.24417396
-2.1994448
0.0
0.16860181093215942
0.41294360160827637
0.08514365553855896
0.04619768261909485
0.03653186559677124
0.15656274557113647
0.041247520595788956
0.03288351744413376
0.13690277934074402
0.04594012349843979
0.037090614438056946
0.4113127291202545
0.057009197771549225
0.04737400263547897
0.9117014408111572
0.20443812012672424
0.13455182313919067
0.40264445543289185
0.17722966
-0.24411735
-2.1942048
0.0
0.1685630828142166
0.4120512306690216
0.08560918271541595
0.04615507274866104
0.036491043865680695
0.15654096007347107
0.041233062744140625
0.03286901116371155
0.13686957955360413
0.04586738348007202
0.03703109547495842
0.4106650650501251
0.056860458105802536
0.04724418744444847
0.9116945862770081
0.20423132181167603
0.13454516232013702
0.4020433723926544
0.17699221
-0.24418323
-2.1934228
0.0
0.16820137202739716
0.41095954179763794
0.08573248237371445
0.04609043523669243
0.036438725888729095
0.15648780763149261
0.04119689762592316
0.032843608409166336
0.13672316074371338
0.04578671604394913
0.0369650274515152
0.4099073112010956
0.05670607089996338
0.047106415033340454
0.910609781742096
0.20412343740463257
0.1343655288219452
0.4014354646205902
0.17557813
-0.24434616
-2.18922
0.0
0.16793663799762726
0.4106440246105194
0.08593272417783737
0.046082671731710434
0.03643054515123367
0.15637992322444916
0.04117952659726143
0.03283453360199928
0.13669079542160034
0.04574241861701012
0.036924686282873154
0.40941300988197327
0.0565037876367569
0.04693395271897316
0.9105411767959595
0.20396430790424347
0.1343521773815155
0.4010232388973236
0.17510936
-0.24419081
-2.1882439
0.0
0.16771075129508972
0.4105372428894043
0.08624951541423798
0.04604124650359154
0.036389611661434174
0.15622062981128693
0.041154906153678894
0.03281273692846298
0.1366807371377945
0.0456719733774662
0.0368681326508522
0.40893253684043884
0.05641612038016319
0.04685766622424126
0.9106946587562561
0.20375438034534454
0.13446204364299774
0.40055328607559204
0.17499456
-0.24400726
-2.1882973
0.0
0.16762539744377136
0.4102604389190674
0.08651895076036453
0.04606325924396515
0.036402713507413864
0.1559288203716278
0.041189659386873245
0.03284542262554169
0.1366763561964035
0.045665446668863297
0.03686651587486267
0.4087410867214203
0.056363239884376526
0.046813108026981354
0.9108544588088989
0.20355191826820374
0.1345469355583191
0.4003840386867523
0.17636272
-0.2436745
-2.1927278
0.0
0.16767504811286926
0.4098603427410126
0.08664577454328537
0.046131812036037445
0.03645181283354759
0.15561378002166748
0.041416291147470474
0.03303545340895653
0.13656257092952728
0.04560534283518791
0.03681311011314392
0.40865108370780945
0.05636429786682129
0.046810559928417206
0.9108342528343201
0.20334896445274353
0.1345118284225464
0.4004071354866028
0.17962174
-0.24324588
-2.202483
0.0
0.16770540177822113
0.4095853269100189
0.08663957566022873
0.04613310471177101
0.03645508363842964
0.15548913180828094
0.04162020981311798
0.033197470009326935
0.1362193375825882
0.045768480747938156
0.03691822662949562
0.40853482484817505
0.05647317320108414
0.04689963907003403
0.9109024405479431
0.20324859023094177
0.13368572294712067
0.40075579285621643
0.18187948
-0.2427879
-2.2095172
0.0
0.16802361607551575
0.40961915254592896
0.08654584735631943
0.046104662120342255
0.036435455083847046
0.15545988082885742
0.04167890176177025
0.03324233368039131
0.136214941740036
0.04582446441054344
0.03696180135011673
0.40832847356796265
0.05662819370627403
0.047024067491292953
0.9112856984138489
0.20326659083366394
0.13369780778884888
0.4004742503166199
0.18338288
-0.24227625
-2.2146046
0.0
0.16838251054286957
0.410124272108078
0.0865306705236435
0.046165406703948975
0.03648124262690544
0.15540674328804016
0.04182456061244011
0.03335869684815407
0.13617850840091705
0.046087846159935
0.03716769069433212
0.40825942158699036
0.05666504055261612
0.04705449193716049
0.9117826819419861
0.20320339500904083
0.13366247713565826
0.40050438046455383
0.18308567
-0.24198945
-2.2143996
0.0
0.1686788648366928
0.41045257449150085
0.08653619140386581
0.046186067163944244
0.03649594634771347
0.1553732305765152
0.04189720004796982
0.03341761976480484
0.13616928458213806
0.04609948769211769
0.03717891499400139
0.40822145342826843
0.056682929396629333
0.04706842824816704
0.9121211171150208
0.2032090127468109
0.13373669981956482
0.400473028421402
