0.4826252
-0.5953585
-2.2291927
0.0
0.3944343626499176
1.2871710062026978
0.5063163042068481
1.5276625156402588
1.0395925045013428
0.48424601554870605
1.5479607582092285
1.0441547632217407
0.5180632472038269
1.501161813735962
0.999727725982666
0.5608788728713989
1.5047621726989746
0.9846745133399963
1.8322492837905884
0.11286608129739761
0.13350002467632294
0.2387036830186844
0.48098603
-0.5950968
-2.2275345
0.0
0.39429768919944763
1.287205696105957
0.5059760212898254
1.5274436473846436
1.0395396947860718
0.4837872087955475
1.548112154006958
1.0444412231445312
0.5141412019729614
1.5034433603286743
1.0028023719787598
0.5606963634490967
1.5050482749938965
0.9849504232406616
1.8316389322280884
0.11312510073184967
0.13389618694782257
0.23871956765651703
0.47983557
-0.5949634
-2.2263165
0.0
0.39419665932655334
1.2869353294372559
0.5055587291717529
1.5271800756454468
1.039486289024353
0.4831599295139313
1.548256278038025
1.0447895526885986
0.5095241069793701
1.5058120489120483
1.0062062740325928
0.559725284576416
1.5056169033050537
0.9857334494590759
1.8309506177902222
0.11339196562767029
0.13445314764976501
0.2388642132282257
0.4787611
-0.5947998
-2.2252183
0.0
0.394014447927475
1.286745309829712
0.5051043629646301
1.5269362926483154
1.0394753217697144
0.48270684480667114
1.5483965873718262
1.0450654029846191
0.5046776533126831
1.5081554651260376
1.0096901655197144
0.5581271052360535
1.506345272064209
0.9868773818016052
1.8302156925201416
0.11371337622404099
0.13518838584423065
0.23915249109268188
0.47786808
-0.5946643
-2.224304
0.0
0.3937963843345642
1.2865641117095947
0.5043075680732727
1.5267765522003174
1.0396981239318848
0.48196426033973694
1.5485823154449463
1.0454919338226318
0.4998753070831299
1.5100840330123901
1.0128836631774902
0.5569011569023132
1.5070246458053589
0.9878302812576294
1.829110026359558
0.11408624798059464
0.13593153655529022
0.2391187697649002
0.4769616
-0.5945271
-2.2233748
0.0
0.3936416506767273
1.2866692543029785
0.5034745931625366
1.5265589952468872
1.0398890972137451
0.48096221685409546
1.548718810081482
1.0459887981414795
0.49524614214897156
1.5117807388305664
1.015856146812439
0.5539721250534058
1.5079463720321655
0.9896239042282104
1.8278987407684326
0.11440102010965347
0.1365652084350586
0.2393667846918106
0.4761532
-0.5944051
-2.222545
0.0
0.39355289936065674
1.2866774797439575
0.5024487376213074
1.5264469385147095
1.0402790307998657
0.4798300266265869
1.5488927364349365
1.0465645790100098
0.4911496341228485
1.5132787227630615
1.0184822082519531
0.5522003769874573
1.5084940195083618
0.9906992316246033
1.8266587257385254
0.11470451205968857
0.13707824051380157
0.23933912813663483
0.47553155
-0.594268
-2.2219512
0.0
0.3934725224971771
1.286759853363037
0.5011921525001526
1.526315689086914
1.0407856702804565
0.47860726714134216
1.5490806102752686
1.0471864938735962
0.4877459406852722
1.5143014192581177
1.0205198526382446
0.5502822995185852
1.5090888738632202
0.9918531179428101
1.8250517845153809
0.11511103808879852
0.13745807111263275
0.23914393782615662
0.4751659
-0.59419185
-2.2215974
0.0
0.39344796538352966
1.286760926246643
0.4999142289161682
1.5261427164077759
1.041268229484558
0.476913720369339
1.5492603778839111
1.0479918718338013
0.4847342371940613
1.5151546001434326
1.0222983360290527
0.5473960638046265
1.5098497867584229
0.9934935569763184
1.8234071731567383
0.11540594696998596
0.13744807243347168
0.2390173375606537
0.47464785
-0.594084
-2.2210956
0.0
0.3938259184360504
1.2872458696365356
0.498184472322464
1.526163101196289
1.0421000719070435
0.4744114875793457
1.549504280090332
1.049168586730957
0.47914305329322815
1.5160669088363647
1.0251450538635254
0.5427631139755249
1.5109641551971436
0.9960479736328125
1.8211649656295776
0.11559214442968369
0.13796564936637878
0.23844465613365173
0.47440696
-0.5940377
-2.2208579
0.0
0.3939518630504608
1.287283182144165
0.49751657247543335
1.5261870622634888
1.0424264669418335
0.47349655628204346
1.5496063232421875
1.049608588218689
0.4775717556476593
1.5163979530334473
1.0259982347488403
0.5410532355308533
1.511214017868042
0.9968827962875366
1.8203246593475342
0.11566963791847229
0.13800378143787384
0.2382803112268448
0.47374126
-0.59386444
-2.2202485
0.0
0.39415243268013
1.2877393960952759
0.49644431471824646
1.5264497995376587
1.0431311130523682
0.47307679057121277
1.5496273040771484
1.0497938394546509
0.4774320721626282
1.5161744356155396
1.0259015560150146
0.537461519241333
1.5117450952529907
0.9986324906349182
1.819117784500122
0.1159677654504776
0.1379348635673523
0.23802614212036133
0.473102
-0.5936981
-2.2196627
0.0
0.39462989568710327
1.288863182067871
0.49548137187957764
1.5266361236572266
1.0437051057815552
0.47234854102134705
1.549692988395691
1.0501363277435303
0.47688114643096924
1.5161182880401611
1.0260865688323975
0.536196231842041
1.5118005275726318
0.9991509914398193
1.81781804561615
0.11614637821912766
0.1378420740365982
0.23775853216648102
0.47231472
-0.59349555
-2.2189379
0.0
0.3946840167045593
1.2890421152114868
0.4949636459350586
1.5266053676605225
1.0439318418502808
0.4720190763473511
1.5496562719345093
1.0502475500106812
0.47512224316596985
1.5161054134368896
1.0267831087112427
0.534822940826416
1.5119061470031738
0.9997453689575195
1.817160964012146
0.11629544198513031
0.13828685879707336
0.2373553067445755
0.47101977
-0.59308964
-2.21782
0.0
0.3946209251880646
1.289029836654663
0.49455150961875916
1.5265394449234009
1.0440881252288818
0.4714440703392029
1.5497010946273804
1.0505130290985107
0.4754014015197754
1.5157458782196045
1.026429295539856
0.5321799516677856
1.5121790170669556
1.0009477138519287
1.816409945487976
0.11633703857660294
0.13806572556495667
0.23703010380268097
0.46940827
-0.59262383
-2.2163851
0.0
0.3945271074771881
1.2887402772903442
0.4940146505832672
1.5264049768447876
1.0442546606063843
0.4705958068370819
1.5496560335159302
1.050828218460083
0.4751417934894562
1.5155630111694336
1.0264112949371338
0.531457245349884
1.5121599435806274
1.0012034177780151
1.8151230812072754
0.11635090410709381
0.1378043293952942
0.2367413341999054
0.4654064
-0.5914471
-2.2128286
0.0
0.3938363194465637
1.2879250049591064
0.49065741896629333
1.5262399911880493
1.0456593036651611
0.4655788540840149
1.549923300743103
1.0530452728271484
0.4708032011985779
1.515724778175354
1.0282630920410156
0.5241601467132568
1.5122971534729004
1.0040563344955444
1.80925452709198
0.11664269119501114
0.13698573410511017
0.23448136448860168
0.46493182
-0.59140736
-2.2123022
0.0
0.39366602897644043
1.2867612838745117
0.4895152151584625
1.5264350175857544
1.0463224649429321
0.4643038809299469
1.5500138998031616
1.0536249876022339
0.4696251451969147
1.5154926776885986
1.0285776853561401
0.5214409232139587
1.5124506950378418
1.0051981210708618
1.8069407939910889
0.11675428599119186
0.13694164156913757
0.23375655710697174
0.46493736
-0.5914113
-2.2123048
0.0
0.39366447925567627
1.2867196798324585
0.48948124051094055
1.5264405012130737
1.046340823173523
0.46428990364074707
1.5500158071517944
1.0536327362060547
0.4695579707622528
1.5154972076416016
1.0286073684692383
0.5213475823402405
1.5124554634094238
1.0052372217178345
1.8068753480911255
0.11676707863807678
0.13696084916591644
0.2337256819009781
0.46510035
-0.5915486
-2.2123575
0.0
0.3935345709323883
1.2845579385757446
0.48842328786849976
1.526550054550171
1.0468617677688599
0.4640345275402069
1.5500656366348267
1.0537713766098022
0.47028982639312744
1.5147254467010498
1.0277827978134155
0.5182808041572571
1.5125149488449097
1.006443977355957
1.8048197031021118
0.11724396049976349
0.13692200183868408
0.23298746347427368
0.46506387
-0.59158456
-2.2122767
0.0
0.39352384209632874
1.2832388877868652
0.48813867568969727
1.5265825986862183
1.0469993352890015
0.4639773964881897
1.5500831604003906
1.0538074970245361
0.4700302481651306
1.514365315437317
1.0276373624801636
0.5180103778839111
1.512410283088684
1.0064693689346313
1.8041398525238037
0.11737941950559616
0.1371680647134781
0.23261025547981262
0.46506867
-0.591582
-2.212285
0.0
0.39361119270324707
1.2826238870620728
0.48804792761802673
1.526598334312439
1.0470423698425293
0.4639824628829956
1.5500876903533936
1.053808569908142
0.4699057340621948
1.514307975769043
1.0276445150375366
0.5178868770599365
1.5122902393341064
1.0064293146133423
1.8038662672042847
0.11742980033159256
0.1372656673192978
0.23235465586185455
0.46507096
-0.5915709
-2.2122993
0.0
0.3937230706214905
1.2820683717727661
0.48800113797187805
1.5266377925872803
1.047088861465454
0.46399858593940735
1.550087809562683
1.053802251815796
0.46989336609840393
1.5143193006515503
1.0276552438735962
0.5178049802780151
1.5121902227401733
1.0063847303390503
1.803688883781433
0.11743640899658203
0.1372896283864975
0.23213297128677368
0.4650751
-0.5915605
-2.212315
0.0
0.3938276171684265
1.2817094326019287
0.48800623416900635
1.5266406536102295
1.0470876693725586
0.4640771448612213
1.5500930547714233
1.0537745952606201
0.4698372781276703
1.5143458843231201
1.0276930332183838
0.5177841782569885
1.5120859146118164
1.0063151121139526
1.8035833835601807
0.11744658648967743
0.13737279176712036
0.23187944293022156
0.46506986
-0.5915502
-2.2123194
0.0
0.39390262961387634
1.2812856435775757
0.4880496859550476
1.5266610383987427
1.0470808744430542
0.46420085430145264
1.550114631652832
1.0537422895431519
0.46964240074157715
1.5142959356307983
1.0277304649353027
0.5177533030509949
1.5120033025741577
1.0062613487243652
1.8035467863082886
0.11744099110364914
0.13759416341781616
0.23154747486114502
0.46506542
-0.59154135
-2.2123232
0.0
0.3940114974975586
1.2811616659164429
0.4881513714790344
1.526684045791626
1.04705011844635
0.4643327593803406
1.550119161605835
1.0536922216415405
0.46941885352134705
1.5142145156860352
1.0277585983276367
0.5176677107810974
1.511924386024475
1.006232738494873
1.8036103248596191
0.1173972338438034
0.13784076273441315
0.23118409514427185
0.4652377
-0.5916367
-2.2124305
0.0
0.39415958523750305
1.2810299396514893
0.48823538422584534
1.5267149209976196
1.0470284223556519
0.46445706486701965
1.550141453742981
1.0536584854125977
0.4686638116836548
1.51375150680542
1.0277321338653564
0.5174119472503662
1.511810064315796
1.0062427520751953
1.803810954093933
0.1173677146434784
0.13849425315856934
0.23046477138996124
0.46581462
-0.5918386
-2.2129111
0.0
0.3943915367126465
1.28101646900177
0.48831239342689514
1.5267235040664673
1.0469987392425537
0.4647773802280426
1.5501824617385864
1.0535593032836914
0.46794453263282776
1.513214349746704
1.0276422500610352
0.5167158246040344
1.51162850856781
1.0063754320144653
1.8040263652801514
0.11741097271442413
0.13928471505641937
0.22959738969802856
0.4663519
-0.5920271
-2.2133577
0.0
0.3945111334323883
1.2812285423278809
0.4883964955806732
1.5267295837402344
1.0469608306884766
0.4650372862815857
1.550227403640747
1.053485631942749
0.46753326058387756
1.5126537084579468
1.027414321899414
0.5157890915870667
1.5113635063171387
1.0065404176712036
1.8042677640914917
0.11744964122772217
0.1399272233247757
0.22870495915412903
0.46682385
-0.5921932
-2.2137494
0.0
0.3946170508861542
1.2813491821289062
0.4885394871234894
1.5267926454544067
1.046924114227295
0.46521762013435364
1.5502721071243286
1.0534441471099854
0.46681156754493713
1.511677622795105
1.0270205736160278
0.5149726271629333
1.5111167430877686
1.0066791772842407
1.8045601844787598
0.1174023225903511
0.14088085293769836
0.22763723134994507
0.4672602
-0.5923471
-2.2141106
0.0
0.3946657180786133
1.2813340425491333
0.48868489265441895
1.5268197059631348
1.046866536140442
0.4656088650226593
1.550321340560913
1.0533207654953003
0.46595486998558044
1.5102648735046387
1.026381015777588
0.5107312798500061
1.5112046003341675
1.0083712339401245
1.804800271987915
0.11744251847267151
0.14224328100681305
0.22592444717884064
0.46762544
-0.5924959
-2.2143924
0.0
0.3946985900402069
1.2813165187835693
0.48879051208496094
1.5268222093582153
1.0468083620071411
0.4658936858177185
1.5503394603729248
1.0532188415527344
0.4652198553085327
1.5088454484939575
1.0256876945495605
0.5043349862098694
1.5118197202682495
1.0112695693969727
1.8049713373184204
0.11747252196073532
0.14351829886436462
0.22407543659210205
0.46799865
-0.5927631
-2.2145605
0.0
0.3946652412414551
1.2813618183135986
0.4889681935310364
1.52681565284729
1.0467159748077393
0.4661303460597992
1.5503370761871338
1.0531245470046997
0.46292486786842346
1.5066546201705933
1.0250693559646606
0.4986018240451813
1.5124883651733398
1.013954758644104
1.8052639961242676
0.1174328476190567
0.14592494070529938
0.22182504832744598
0.4682277
-0.5930505
-2.214536
0.0
0.39460089802742004
1.281427025794983
0.48915040493011475
1.52682626247406
1.0466325283050537
0.4663794934749603
1.550344705581665
1.053031086921692
0.4592937231063843
1.504699468612671
1.0251325368881226
0.494803249835968
1.5126326084136963
1.0155380964279175
1.805604338645935
0.11738603562116623
0.14903806149959564
0.21945342421531677
0.4683687
-0.5933984
-2.2143438
0.0
0.39460402727127075
1.2808917760849
0.4896702170372009
1.526889681816101
1.0464221239089966
0.4670713543891907
1.5503852367401123
1.0527846813201904
0.4550158977508545
1.501359224319458
1.0244848728179932
0.486593633890152
1.5123300552368164
1.0185819864273071
1.8064517974853516
0.11722561717033386
0.15385796129703522
0.21458108723163605
0.46831644
-0.593345
-2.2143366
0.0
0.3946967124938965
1.280516505241394
0.490060418844223
1.526916265487671
1.046257734298706
0.46729063987731934
1.5504114627838135
1.052716612815857
0.45288750529289246
1.500044822692871
1.024407982826233
0.48521408438682556
1.5121177434921265
1.0190036296844482
1.8070930242538452
0.11702771484851837
0.15603740513324738
0.21262380480766296
0.46842125
-0.5932827
-2.2145262
0.0
0.3947660028934479
1.2805635929107666
0.49033474922180176
1.5269289016723633
1.0461422204971313
0.46750321984291077
1.5503991842269897
1.0526251792907715
0.4531222879886627
1.4994401931762695
1.0239012241363525
0.48400333523750305
1.5119400024414062
1.0193850994110107
1.8075823783874512
0.11688980460166931
0.156416654586792
0.21161365509033203
0.524363
-0.59145373
-2.2817
0.0
0.3946843147277832
1.279261589050293
0.49055999517440796
1.5268890857696533
1.0460141897201538
0.4674569368362427
1.550218939781189
1.0525250434875488
0.45072197914123535
1.4967565536499023
1.0229994058609009
0.4839906394481659
1.5115751028060913
1.0191634893417358
1.8091607093811035
0.11666624248027802
0.15922346711158752
0.20985867083072662
0.52473885
-0.5916527
-2.281916
0.0
0.3945865035057068
1.2778898477554321
0.4910942614078522
1.5270133018493652
1.0458574295043945
0.46762794256210327
1.550096869468689
1.052375316619873
0.4602164328098297
1.492210865020752
1.0162110328674316
0.4837415814399719
1.5109723806381226
1.0188827514648438
1.8109982013702393
0.11627386510372162
0.15659180283546448
0.2098320722579956
0.52533025
-0.5920666
-2.2821481
0.0
0.39442723989486694
1.2770006656646729
0.4914504587650299
1.5270686149597168
1.045719861984253
0.4683234989643097
1.5500690937042236
1.0520790815353394
0.46155664324760437
1.4912469387054443
1.0150259733200073
0.4843660891056061
1.5104786157608032
1.018330454826355
1.8125947713851929
0.11622709780931473
0.15690907835960388
0.20910169184207916
0.5257968
-0.5923582
-2.2823684
0.0
0.39374464750289917
1.2760446071624756
0.4920726418495178
1.5272060632705688
1.0454953908920288
0.4703170657157898
1.549943447113037
1.0511952638626099
0.47073015570640564
1.4877852201461792
1.0091065168380737
0.48495739698410034
1.5101362466812134
1.0178910493850708
1.8151661157608032
0.11639145761728287
0.1551080197095871
0.20963023602962494
0.52562284
-0.59258103
-2.2819324
0.0
0.39303138852119446
1.2750111818313599
0.493041068315506
1.5273160934448242
1.0450892448425293
0.4727139174938202
1.549881935119629
1.0501906871795654
0.4723430275917053
1.4868850708007812
1.0078620910644531
0.48666703701019287
1.5097180604934692
1.016974687576294
1.8180278539657593
0.11653456836938858
0.1563083380460739
0.20862795412540436
0.5240423
-0.5923064
-2.2804236
0.0
0.3925086259841919
1.2747787237167358
0.4945899248123169
1.5272802114486694
1.0442878007888794
0.47574546933174133
1.549843192100525
1.0489418506622314
0.47280868887901306
1.4867314100265503
1.0075699090957642
0.4884510934352875
1.509391188621521
1.01610267162323
1.820948600769043
0.11672409623861313
0.1581287831068039
0.20738859474658966
0.52309
-0.59210265
-2.2795541
0.0
0.39242586493492126
1.2748357057571411
0.4961780905723572
1.5274131298065186
1.0435935258865356
0.4780423045158386
1.5498294830322266
1.0480037927627563
0.4755721092224121
1.4860745668411255
1.0060343742370605
0.4895526170730591
1.5092236995697021
1.015598177909851
1.823622226715088
0.1165822371840477
0.15852496027946472
0.20680855214595795
0.52175367
-0.59163606
-2.278525
0.0
0.39238783717155457
1.2751129865646362
0.4985664188861847
1.5274566411972046
1.042448878288269
0.4806102216243744
1.5498157739639282
1.0469518899917603
0.4767780303955078
1.4858661890029907
1.0054128170013428
0.49148544669151306
1.509023904800415
1.0147615671157837
1.827380895614624
0.11616694927215576
0.15967020392417908
0.20557385683059692
0.5201569
-0.59108424
-2.2772872
0.0
0.3924589157104492
1.2754079103469849
0.5006307363510132
1.5273828506469727
1.0413764715194702
0.4833105504512787
1.5498278141021729
1.0458691120147705
0.4769913852214813
1.4858074188232422
1.0052847862243652
0.49373677372932434
1.5088168382644653
1.013812780380249
1.8303362131118774
0.1160084530711174
0.16141226887702942
0.2039913684129715
0.5303946
-0.58678985
-2.2935696
0.0
0.3923988938331604
1.2757971286773682
0.5026372075080872
1.5276408195495605
1.040595531463623
0.48390263319015503
1.5496262311935425
1.0454951524734497
0.4876473546028137
1.4823919534683228
0.9988640546798706
0.49588626623153687
1.5086393356323242
1.0129181146621704
1.8335518836975098
0.11484555155038834
0.15769478678703308
0.20425160229206085
0.5396286
-0.5829339
-2.3081942
0.0
0.39247044920921326
1.275910496711731
0.5054590106010437
1.528243064880371
1.0396945476531982
0.48409131169319153
1.549536943435669
1.045359492301941
0.4882975220680237
1.4813659191131592
0.9979218244552612
0.5007978677749634
1.5079340934753418
1.0106157064437866
1.8377289772033691
0.11297716200351715
0.15795759856700897
0.20190566778182983
0.55007094
-0.5782458
-2.3250313
0.0
0.39207378029823303
1.2755085229873657
0.5073180794715881
1.5284500122070312
1.0389167070388794
0.4842149019241333
1.5494015216827393
1.0452194213867188
0.49248477816581726
1.4806581735610962
0.9958131909370422
0.504267156124115
1.5067846775054932
1.0085744857788086
1.8411158323287964
0.11191531270742416
0.15612827241420746
0.2011364847421646
0.5583275
-0.5748815
-2.3379214
0.0
0.3914888799190521
1.2751531600952148
0.5083581209182739
1.528543472290039
1.038420557975769
0.48444199562072754
1.5492103099822998
1.0449992418289185
0.5069174766540527
1.4795585870742798
0.9894720315933228
0.508564293384552
1.505511999130249
1.0061206817626953
1.8435840606689453
0.11141090095043182
0.14969654381275177
0.20299477875232697
0.55411047
-0.5772958
-2.3305836
0.0
0.39116790890693665
1.2751561403274536
0.5088260769844055
1.52857506275177
1.0381860733032227
0.4856976866722107
1.5490444898605347
1.0443793535232544
0.507284939289093
1.479236364364624
0.9891170859336853
0.51457679271698
1.5048216581344604
1.0033538341522217
1.8447684049606323
0.11153306066989899
0.15025503933429718
0.20097769796848297
0.5489076
-0.58009505
-2.3217137
0.0
0.3908666968345642
1.2753093242645264
0.5091800093650818
1.5285543203353882
1.0379822254180908
0.4878976345062256
1.5488899946212769
1.043387770652771
0.5072643756866455
1.4792274236679077
0.9891188144683838
0.5175564885139465
1.5045982599258423
1.0020567178726196
1.8455305099487305
0.11201667040586472
0.15143504738807678
0.20000199973583221
0.5450765
-0.5823514
-2.3149626
0.0
0.3902894854545593
1.2757129669189453
0.5099029541015625
1.528581976890564
1.0376251935958862
0.4906323552131653
1.5486140251159668
1.0420947074890137
0.5090917348861694
1.4787747859954834
0.9881049990653992
0.5190714597702026
1.50446355342865
1.0013813972473145
1.8469525575637817
0.11248864233493805
0.15215599536895752
0.19991587102413177
0.5426765
-0.584
-2.3104763
0.0
0.3894520103931427
1.2760040760040283
0.5110195875167847
1.528610348701477
1.0370984077453613
0.49353158473968506
1.548417568206787
1.0407865047454834
0.5093324780464172
1.4787896871566772
0.9880209565162659
0.5213413238525391
1.5043699741363525
1.0004390478134155
1.8489503860473633
0.11287084221839905
0.15355896949768066
0.19928549230098724
0.54112417
-0.5853052
-2.307316
0.0
0.3892466425895691
1.2760722637176514
0.5126786231994629
1.5286905765533447
1.036361575126648
0.4956826865673065
1.5483969449996948
1.0398993492126465
0.5093322396278381
1.4787931442260742
0.9880228042602539
0.5235885381698608
1.5042110681533813
0.9994595050811768
1.8510931730270386
0.11272309720516205
0.15478667616844177
0.19869481027126312
0.53964764
-0.5870896
-2.303725
0.0
0.38904082775115967
1.2763293981552124
0.5143986940383911
1.5284439325332642
1.035368800163269
0.4975564181804657
1.5484223365783691
1.0391547679901123
0.5093069672584534
1.4788917303085327
0.9880980849266052
0.5242936015129089
1.5043359994888306
0.9992729425430298
1.8531064987182617
0.11264888942241669
0.155856654047966
0.1984095573425293
0.53848994
-0.58848083
-2.30092
0.0
0.3888014256954193
1.2768253087997437
0.5160226225852966
1.5282701253890991
1.034462332725525
0.49931344389915466
1.548518419265747
1.0385032892227173
0.509325385093689
1.47917640209198
0.9882792830467224
0.5248428583145142
1.504547119140625
0.9992057085037231
1.8551234006881714
0.11259373277425766
0.15679042041301727
0.1981729418039322
0.536908
-0.58949447
-2.2980433
0.0
0.38875630497932434
1.2770392894744873
0.5175427794456482
1.528070092201233
1.033594012260437
0.5012877583503723
1.548363447189331
1.0375958681106567
0.5092000961303711
1.479355812072754
0.9884464740753174
0.5256854891777039
1.5048030614852905
0.9990593194961548
1.8567711114883423
0.11259373277425766
0.15784084796905518
0.1977243721485138
0.5362003
-0.59038174
-2.2962906
0.0
0.38855212926864624
1.2772918939590454
0.5193651914596558
1.528038740158081
1.032728910446167
0.5033663511276245
1.548239827156067
1.0366681814193726
0.5090143084526062
1.4794825315475464
0.9886011481285095
0.5258878469467163
1.5049145221710205
0.9990618824958801
1.8588833808898926
0.11234677582979202
0.1590609848499298
0.19752280414104462
0.5353882
-0.5909836
-2.2947266
0.0
0.3883138597011566
1.277610182762146
0.5211019515991211
1.5279468297958374
1.0318691730499268
0.5060602426528931
1.5481927394866943
1.0355448722839355
0.5089137554168701
1.4796696901321411
0.988764226436615
0.5259142518043518
1.5049657821655273
0.9990890622138977
1.8607460260391235
0.11241427809000015
0.1606576293706894
0.1974848359823227
0.53471804
-0.5912773
-2.2936535
0.0
0.3879765272140503
1.2780022621154785
0.5231692790985107
1.5277270078659058
1.0307929515838623
0.5086423754692078
1.548119068145752
1.034448266029358
0.5115424394607544
1.4804331064224243
0.9882332682609558
0.5260450839996338
1.5049924850463867
0.9990551471710205
1.8627371788024902
0.11231008917093277
0.16046002507209778
0.19815781712532043
0.5342699
-0.59145564
-2.2929554
0.0
0.3876855969429016
1.278443455696106
0.5252186059951782
1.5274028778076172
1.0296248197555542
0.5111352205276489
1.5480210781097412
1.033368468284607
0.5115645527839661
1.4806936979293823
0.9883939623832703
0.5278934836387634
1.5048950910568237
0.9982680678367615
1.8646756410598755
0.11228615045547485
0.16178789734840393
0.197757750749588
0.54805154
-0.58827496
-2.3118923
0.0
0.38738274574279785
1.2786482572555542
0.5279148817062378
1.5275590419769287
1.0285123586654663
0.5120607614517212
1.5477638244628906
1.0328222513198853
0.5151697397232056
1.480266809463501
0.9867011308670044
0.5294339656829834
1.5046818256378174
0.9975243806838989
1.8678053617477417
0.11098387837409973
0.16049882769584656
0.19818082451820374
0.56370205
-0.58704203
-2.3306403
0.0
0.3867972791194916
1.2786686420440674
0.5307536125183105
1.5278666019439697
1.0273890495300293
0.5123471617698669
1.547559380531311
1.0325688123703003
0.5153889656066895
1.480088233947754
0.9864957928657532
0.5325123071670532
1.5040570497512817
0.995905339717865
1.87157142162323
0.10943777859210968
0.16051970422267914
0.19765214622020721
0.5608937
-0.58780473
-2.3267064
0.0
0.38626664876937866
1.278808355331421
0.5320888161659241
1.528349757194519
1.0271581411361694
0.5132715702056885
1.5474613904953003
1.032128930091858
0.5180248618125916
1.47968327999115
0.985199511051178
0.534977376461029
1.5031532049179077
0.9943403601646423
1.8732253313064575
0.10873591154813766
0.15987476706504822
0.1978708803653717
0.55439126
-0.5897633
-2.317367
0.0
0.38496118783950806
1.2793534994125366
0.5322491526603699
1.5283045768737793
1.027072787284851
0.5141030550003052
1.547544002532959
1.031846523284912
0.5191141366958618
1.479885220527649
0.9849063754081726
0.5381885766983032
1.5021896362304688
0.992446780204773
1.8730316162109375
0.10895812511444092
0.15977738797664642
0.19767096638679504
0.5441104
-0.5931047
-2.3022783
0.0
0.3840896487236023
1.280153512954712
0.5324666500091553
1.5281872749328613
1.026909351348877
0.5142292380332947
1.547598958015442
1.03183114528656
0.5197163224220276
1.4801706075668335
0.9848586916923523
0.541046142578125
1.5016343593597412
0.9909612536430359
1.8727740049362183
0.10894716531038284
0.15945148468017578
0.19734108448028564
0.5352573
-0.59575754
-2.2894719
0.0
0.3833163380622864
1.2808972597122192
0.5325734615325928
1.5281410217285156
1.026842713356018
0.5142203569412231
1.5476113557815552
1.0318429470062256
0.5202429890632629
1.4806628227233887
0.9849764704704285
0.5433988571166992
1.5013363361358643
0.9898315072059631
1.872485876083374
0.10890220105648041
0.1589646190404892
0.19721579551696777
0.5283476
-0.59799165
-2.2792704
0.0
0.38274329900741577
1.281481385231018
0.5325905084609985
1.5281217098236084
1.0268256664276123
0.5141733288764954
1.5476422309875488
1.0318835973739624
0.5203694701194763
1.4813846349716187
0.9854034781455994
0.5449763536453247
1.5011683702468872
0.9890890717506409
1.872046709060669
0.10889342427253723
0.15855592489242554
0.19723951816558838
0.522578
-0.59958667
-2.2710192
0.0
0.38234585523605347
1.2816040515899658
0.5325483679771423
1.5280792713165283
1.0268296003341675
0.5141851305961609
1.5476583242416382
1.0318882465362549
0.5202118158340454
1.4824246168136597
0.986153244972229
0.5459536910057068
1.501139521598816
0.9886766076087952
1.8714423179626465
0.10892852395772934
0.15816397964954376
0.19730733335018158
0.5178831
-0.60086375
-2.2643132
0.0
0.3821054995059967
1.281303882598877
0.5323849320411682
1.5280044078826904
1.0268720388412476
0.5142021775245667
1.5476692914962769
1.0318896770477295
0.5198699235916138
1.4835901260375977
0.987058699131012
0.5465260148048401
1.5012164115905762
0.9884922504425049
1.8706475496292114
0.10903318971395493
0.15780368447303772
0.1974261850118637
0.5161212
-0.60193586
-2.2611697
0.0
0.37302538752555847
1.278437852859497
0.5398621559143066
1.5309827327728271
1.0262410640716553
0.5264951586723328
1.548061728477478
1.0271520614624023
0.5516558289527893
1.4946829080581665
0.9819959402084351
0.5841648578643799
1.5045469999313354
0.9756857752799988
1.8763375282287598
0.10742690414190292
0.1454823911190033
0.20193538069725037
0.5162534
-0.6022349
-2.2610064
0.0
0.37309685349464417
1.278415560722351
0.5399535894393921
1.530907392501831
1.026155710220337
0.5265181660652161
1.5480668544769287
1.027146577835083
0.5529485940933228
1.4946584701538086
0.981476366519928
0.5845812559127808
1.5045908689498901
0.9755430817604065
1.8763688802719116
0.10741689801216125
0.14503437280654907
0.2022988200187683
0.51758355
-0.6025261
-2.2622204
0.0
0.3732188045978546
1.2784998416900635
0.5403052568435669
1.5308748483657837
1.025987148284912
0.5265410542488098
1.5480743646621704
1.0271430015563965
0.5529093146324158
1.4947857856750488
0.9815773963928223
0.5854249000549316
1.5045794248580933
0.9751888513565063
1.8767098188400269
0.10723049193620682
0.14501209557056427
0.2024601399898529
0.51868814
-0.6027794
-2.2632153
0.0
0.37331458926200867
1.2785890102386475
0.5403245091438293
1.5308570861816406
1.0259690284729004
0.5270084142684937
1.5479525327682495
1.0268737077713013
0.5549984574317932
1.494657278060913
0.9806811809539795
0.5856399536132812
1.5045995712280273
0.9751078486442566
1.876713514328003
0.10734515637159348
0.14444176852703094
0.20310206711292267
0.5202504
-0.6031625
-2.2645938
0.0
0.37344416975975037
1.2785943746566772
0.5403619408607483
1.5308480262756348
1.025950312614441
0.5273250937461853
1.5479140281677246
1.0267218351364136
0.5550358891487122
1.494700312614441
0.9806965589523315
0.5867400765419006
1.5045982599258423
0.9746517539024353
1.8767423629760742
0.10740411281585693
0.1445378065109253
0.203362837433815
0.5215616
-0.60338384
-2.2658548
0.0
0.37357306480407715
1.2784513235092163
0.5407036542892456
1.5307151079177856
1.0257141590118408
0.5273920893669128
1.5479226112365723
1.0267014503479004
0.5573525428771973
1.4944144487380981
0.9796093106269836
0.587402880191803
1.5046645402908325
0.9744194746017456
1.8769469261169434
0.10729117691516876
0.1438421607017517
0.20406080782413483
0.52270085
-0.60354143
-2.2669854
0.0
0.37375563383102417
1.2784761190414429
0.5408410429954529
1.5306332111358643
1.0256017446517944
0.5276129245758057
1.5478883981704712
1.026591181755066
0.5573281049728394
1.4944478273391724
0.9796417951583862
0.5888305902481079
1.5046184062957764
0.9738074541091919
1.8769797086715698
0.10729006677865982
0.14393776655197144
0.20423956215381622
0.5230479
-0.60329247
-2.2676425
0.0
0.3740738332271576
1.2785886526107788
0.5408853888511658
1.5306016206741333
1.0255675315856934
0.5277981758117676
1.54788076877594
1.0265134572982788
0.5567943453788757
1.49478018283844
0.9800726771354675
0.5896018147468567
1.5044820308685303
0.9734104871749878
1.8768726587295532
0.10731066018342972
0.1440727561712265
0.2042577713727951
0.5234403
-0.60338044
-2.2679958
0.0
0.37441346049308777
1.2788163423538208
0.5415585041046143
1.5308802127838135
1.0255067348480225
0.5278794765472412
1.5478777885437012
1.026479721069336
0.5549267530441284
1.4954850673675537
0.981272280216217
0.5896632075309753
1.5044610500335693
0.9733695983886719
1.8774596452713013
0.10673312842845917
0.1444711536169052
0.20408815145492554
0.5235107
-0.60398406
-2.26744
0.0
0.3745456039905548
1.278952717781067
0.5417641997337341
1.5308271646499634
1.0253969430923462
0.527766227722168
1.5479079484939575
1.0265474319458008
0.5529388189315796
1.4964191913604736
0.9826698899269104
0.5896050333976746
1.5044469833374023
0.973380446434021
1.8774385452270508
0.10657130926847458
0.14480240643024445
0.20393046736717224
0.52339965
-0.60456663
-2.2667007
0.0
0.37460848689079285
1.2790541648864746
0.5418106317520142
1.5307708978652954
1.025344967842102
0.5275619029998779
1.5478943586349487
1.0266228914260864
0.5531991124153137
1.4964470863342285
0.9825870394706726
0.5890288949012756
1.5045452117919922
0.9736613631248474
1.87730073928833
0.10646086186170578
0.14463914930820465
0.20425865054130554
0.52298194
-0.6054245
-2.265324
0.0
0.37464219331741333
1.2790824174880981
0.5418161749839783
1.5307739973068237
1.025346279144287
0.527276873588562
1.5478638410568237
1.026719570159912
0.5562352538108826
1.49623441696167
0.9812656044960022
0.5888533592224121
1.504602313041687
0.9737600088119507
1.8771586418151855
0.10630761831998825
0.1435345560312271
0.20515237748622894
0.52122307
-0.6058529
-2.2628741
0.0
0.3747653365135193
1.2790510654449463
0.5417173504829407
1.530705213546753
1.0253480672836304
0.5270018577575684
1.547890305519104
1.026850700378418
0.5557128190994263
1.4961833953857422
0.9814374446868896
0.5891907811164856
1.5046021938323975
0.9736183285713196
1.8768165111541748
0.10626379400491714
0.14364077150821686
0.20517198741436005
0.51822054
-0.6049625
-2.260388
0.0
0.374751478433609
1.27902352809906
0.5416261553764343
1.5307793617248535
1.0254565477371216
0.5267761945724487
1.5478956699371338
1.026948094367981
0.556694746017456
1.4962104558944702
0.9810755252838135
0.5890814065933228
1.5046043395996094
0.9736548662185669
1.8765819072723389
0.10613895952701569
0.14322713017463684
0.20562903583049774
0.51535827
-0.60429955
-2.2578144
0.0
0.37498849630355835
1.2785253524780273
0.542803943157196
1.53209388256073
1.0259071588516235
0.5260017514228821
1.5478285551071167
1.0272207260131836
0.5603974461555481
1.4955826997756958
0.9792333245277405
0.5891287922859192
1.5046106576919556
0.9736324548721313
1.878414273262024
0.10434368252754211
0.14196720719337463
0.20658957958221436
0.5136799
-0.60373515
-2.2564857
0.0
0.37533628940582275
1.277896761894226
0.5431113839149475
1.5325244665145874
1.0261143445968628
0.5259656310081482
1.5478153228759766
1.027227759361267
0.5602567195892334
1.4955576658248901
0.9792734384536743
0.589826226234436
1.5045130252838135
0.9732780456542969
1.8786718845367432
0.10386358946561813
0.14200133085250854
0.20687849819660187
0.51235795
-0.6032879
-2.25544
0.0
0.3760007321834564
1.2772080898284912
0.542955219745636
1.5326429605484009
1.0262949466705322
0.525946855545044
1.5477914810180664
1.0272196531295776
0.5613560676574707
1.4954659938812256
0.9787875413894653
0.5899205207824707
1.504483699798584
0.9732105731964111
1.8779809474945068
0.1038302406668663
0.14166611433029175
0.2074074149131775
0.51127934
-0.6030929
-2.2544072
0.0
0.37651705741882324
1.2760981321334839
0.5428920984268188
1.532711148262024
1.0263828039169312
0.5255202651023865
1.5478094816207886
1.0274076461791992
0.564308226108551
1.494565486907959
0.9770568013191223
0.5905698537826538
1.5044054985046387
0.9728775024414062
1.8776966333389282
0.10362991690635681
0.1408710926771164
0.20859256386756897
0.5116661
-0.603141
-2.2548006
0.0
0.37684229016304016
1.275267243385315
0.5428152680397034
1.5327399969100952
1.0264499187469482
0.5251677632331848
1.5478640794754028
1.0275903940200806
0.5636662244796753
1.4943413734436035
0.9771642088890076
0.5917685031890869
1.5043585300445557
0.97234708070755
1.8774751424789429
0.10348980128765106
0.14099839329719543
0.20893307030200958
0.5126169
-0.60308594
-2.2559485
0.0
0.3771560490131378
1.2745132446289062
0.5425124168395996
1.5326428413391113
1.0265378952026367
0.5248491764068604
1.547919511795044
1.0277596712112427
0.563847005367279
1.4940389394760132
0.9768970012664795
0.5918329358100891
1.5043226480484009
0.9722881317138672
1.8769018650054932
0.10353883355855942
0.14095130562782288
0.209211066365242
0.5140557
-0.60309917
-2.2575834
0.0
0.3773066997528076
1.274198293685913
0.5424090623855591
1.5326874256134033
1.0266214609146118
0.5247931480407715
1.5478953123092651
1.0277678966522217
0.5679611563682556
1.4924055337905884
0.9742488861083984
0.5918964147567749
1.5042577981948853
0.9722076058387756
1.8768250942230225
0.10351057350635529
0.14009976387023926
0.21036821603775024
0.5161411
-0.60257995
-2.2605152
0.0
0.37748464941978455
1.2731021642684937
0.5424150824546814
1.532711386680603
1.0266364812850952
0.5248561501502991
1.5478668212890625
1.0277254581451416
0.5677127838134766
1.4923685789108276
0.9743242263793945
0.5929496884346008
1.5039275884628296
0.9715456366539001
1.877448558807373
0.10347999632358551
0.14016932249069214
0.21124185621738434
0.5184954
-0.6020574
-2.263755
0.0
0.3775426745414734
1.2721409797668457
0.5424501895904541
1.5327154397964478
1.0266220569610596
0.525516927242279
1.5477544069290161
1.027389407157898
0.5679212808609009
1.492202639579773
0.9741364121437073
0.592995285987854
1.503889799118042
0.971491277217865
1.8785501718521118
0.10357458144426346
0.14037352800369263
0.21161676943302155
0.5211682
-0.6016842
-2.2671974
0.0
0.37747445702552795
1.2721478939056396
0.542564332485199
1.5327004194259644
1.026556134223938
0.526999831199646
1.5477195978164673
1.0267733335494995
0.5701345801353455
1.4913381338119507
0.9727237224578857
0.593201756477356
1.5037699937820435
0.971318244934082
1.8795934915542603
0.10390956699848175
0.14050127565860748
0.21252407133579254
0.5227462
-0.60087126
-2.269853
0.0
0.3774830102920532
1.272045373916626
0.5428212881088257
1.5326178073883057
1.0263806581497192
0.5280291438102722
1.547595739364624
1.0262805223464966
0.5701055526733398
1.4912868738174438
0.9727020859718323
0.5950682163238525
1.503273367881775
0.9702335596084595
1.8807451725006104
0.10406002402305603
0.14088976383209229
0.21339212357997894
0.5236711
-0.59993434
-2.2718964
0.0
0.37767234444618225
1.272015929222107
0.5435755848884583
1.5324761867523193
1.025924801826477
0.5285978317260742
1.5475424528121948
1.026020884513855
0.570736289024353
1.4911199808120728
0.972351610660553
0.5971492528915405
1.5027072429656982
0.969023585319519
1.8820358514785767
0.10384691506624222
0.14095936715602875
0.2144438773393631
0.52429634
-0.59932286
-2.2732549
0.0
0.37769821286201477
1.2721807956695557
0.5458753705024719
1.5331742763519287
1.0254019498825073
0.5294451713562012
1.54746413230896
1.0256328582763672
0.5721913576126099
1.490863561630249
0.9716243743896484
0.5987228751182556
1.5024164915084839
0.9681990146636963
1.8852285146713257
0.10237137228250504
0.14091607928276062
0.2154710739850998
0.5247032
-0.5995719
-2.2734542
0.0
0.37782230973243713
1.2721874713897705
0.5480600595474243
1.5343589782714844
1.0253331661224365
0.5316253900527954
1.5472370386123657
1.0246113538742065
0.5721102356910706
1.4908905029296875
0.9716739058494568
0.6015000939369202
1.501945972442627
0.9667819738388062
1.8883345127105713
0.10095655918121338
0.14175811409950256
0.2164776623249054
0.52471685
-0.5996445
-2.273393
0.0
0.37788015604019165
1.2722299098968506
0.5490572452545166
1.5348970890045166
1.0252825021743774
0.5325869917869568
1.5471560955047607
1.0241721868515015
0.5717044472694397
1.4910328388214111
0.9719266891479492
0.6017588376998901
1.5019025802612305
0.9666470289230347
1.8897963762283325
0.10036401450634003
0.14217936992645264
0.21666406095027924
0.5247398
-0.5997665
-2.27329
0.0
0.3780768811702728
1.2723064422607422
0.5516153573989868
1.5359184741973877
1.0249077081680298
0.5341010689735413
1.547017216682434
1.0234736204147339
0.5703033804893494
1.491695761680603
0.9729088544845581
0.6017941832542419
1.5018857717514038
0.9666193127632141
1.8930859565734863
0.09878107905387878
0.14295251667499542
0.21668845415115356
0.5247654
-0.5998877
-2.2731905
0.0
0.37812158465385437
1.2727700471878052
0.5523611307144165
1.5364294052124023
1.0249903202056885
0.535346269607544
1.5469146966934204
1.0229052305221558
0.5685655474662781
1.4924185276031494
0.9740616679191589
0.6017177700996399
1.501908302307129
0.966658890247345
1.893868327140808
0.09836014360189438
0.14370904862880707
0.2167031466960907
0.52465844
-0.6000383
-2.2729096
0.0
0.3783612847328186
1.2729177474975586
0.5531029105186462
1.5365843772888184
1.0248031616210938
0.5359212756156921
1.5468707084655762
1.0226444005966187
0.5667182207107544
1.4931058883666992
0.9752346277236938
0.601481556892395
1.5019587278366089
0.9667779207229614
1.894295334815979
0.09799955785274506
0.14427313208580017
0.21682564914226532
0.5248553
-0.60015684
-2.273008
0.0
0.37866273522377014
1.2736150026321411
0.55339115858078
1.5365303754806519
1.0246555805206299
0.536566436290741
1.5468271970748901
1.022356629371643
0.5643470287322998
1.4937993288040161
0.9766160845756531
0.6009034514427185
1.502047061920166
0.9670526385307312
1.8941044807434082
0.09801173955202103
0.14507105946540833
0.21705161035060883
0.5249257
-0.60026526
-2.2729735
0.0
0.3788658380508423
1.2738769054412842
0.553626537322998
1.536341667175293
1.024430274963379
0.5365836024284363
1.5468146800994873
1.022341251373291
0.5643848180770874
1.4938100576400757
0.9766085147857666
0.6000377535820007
1.5022038221359253
0.9674811363220215
1.8938907384872437
0.09797274321317673
0.1450541615486145
0.2177659273147583
0.524971
-0.6006243
-2.2726452
0.0
0.37945231795310974
1.2744649648666382
0.5539289116859436
1.5361273288726807
1.0241565704345703
0.536607027053833
1.5468028783798218
1.0223249197006226
0.563145101070404
1.493910551071167
0.9771592020988464
0.5999094247817993
1.5022523403167725
0.967557966709137
1.8936010599136353
0.09791423380374908
0.14541493356227875
0.21782854199409485
0.52490115
-0.6011793
-2.271979
0.0
0.3800368309020996
1.2749742269515991
0.5540156364440918
1.5359059572219849
1.0239665508270264
0.5368044972419739
1.546819806098938
1.0222588777542114
0.5606116056442261
1.4942864179611206
0.9783973693847656
0.5997471213340759
1.502288818359375
0.9676416516304016
1.8932323455810547
0.09801600128412247
0.14624187350273132
0.2176867425441742
0.5247872
-0.60172004
-2.2712784
0.0
0.38025400042533875
1.2752827405929565
0.5540644526481628
1.5356731414794922
1.0237876176834106
0.5368062257766724
1.54682195186615
1.0222586393356323
0.5585260987281799
1.4949774742126465
0.9796684384346008
0.5991811752319336
1.5024393796920776
0.9679561257362366
1.892964482307434
0.09810671210289001
0.1467278152704239
0.2178610861301422
0.52430356
-0.6023291
-2.2700858
0.0
0.38067933917045593
1.2755793333053589
0.554131031036377
1.535235047340393
1.0234495401382446
0.5365553498268127
1.5468392372131348
1.022372841835022
0.5563195943832397
1.4958170652389526
0.9810850024223328
0.5984272956848145
1.5025098323822021
0.9682891368865967
1.892447590827942
0.09821922332048416
0.14712274074554443
0.21807801723480225
0.5233267
-0.6029128
-2.2683594
0.0
0.3814718425273895
1.2756617069244385
0.5540562868118286
1.5348252058029175
1.0231884717941284
0.5362700819969177
1.5468862056732178
1.022520899772644
0.5535842776298523
1.4970523118972778
0.9829683899879456
0.5981341600418091
1.5025566816329956
0.9684317708015442
1.891541838645935
0.0983935222029686
0.1475912183523178
0.21798211336135864
0.52229214
-0.60297006
-2.267122
0.0
0.38246214389801025
1.2758697271347046
0.5538961887359619
1.5345810651779175
1.023080587387085
0.5362893342971802
1.5469001531600952
1.0225226879119873
0.5522322058677673
1.4983125925064087
0.9843300580978394
0.5974602103233337
1.5026462078094482
0.9687511920928955
1.8906497955322266
0.09861231595277786
0.14766335487365723
0.21818460524082184
0.5207934
-0.6026019
-2.265803
0.0
0.383307546377182
1.2763341665267944
0.5534524917602539
1.5342020988464355
1.0230001211166382
0.5360733866691589
1.5469677448272705
1.0226569175720215
0.5514978766441345
1.4994410276412964
0.9853573441505432
0.5973371863365173
1.5027507543563843
0.9688657522201538
1.8894753456115723
0.09898214042186737
0.14748620986938477
0.2182820588350296
0.51873755
-0.60224473
-2.2638345
0.0
0.3847886323928833
1.2764452695846558
0.5532311201095581
1.5339176654815674
1.0228859186172485
0.5358809232711792
1.5470188856124878
1.0227700471878052
0.5506744980812073
1.5003262758255005
0.9862625002861023
0.5967438817024231
1.50297212600708
0.9692391157150269
1.8880318403244019
0.09919241815805435
0.14743509888648987
0.21848013997077942
0.5164806
-0.6017954
-2.2617285
0.0
0.38591623306274414
1.2766591310501099
0.5528460144996643
1.533576488494873
1.0227930545806885
0.5353251099586487
1.547029972076416
1.0230047702789307
0.5499829053878784
1.5012335777282715
0.9871296286582947
0.5961395502090454
1.5031839609146118
0.969610869884491
1.8865861892700195
0.09937462210655212
0.14717192947864532
0.21868135035037994
0.5122422
-0.59983677
-2.258933
0.0
0.3862992525100708
1.2767080068588257
0.5524531602859497
1.5332285165786743
1.0226985216140747
0.5284125804901123
1.5464730262756348
1.0254348516464233
0.5486379265785217
1.5020912885665894
0.9882199764251709
0.595587432384491
1.5033962726593018
0.9699631929397583
1.885730266571045
0.09747179597616196
0.1442606896162033
0.21871843934059143
0.5077595
-0.5976708
-2.2560556
0.0
0.3864346444606781
1.2766510248184204
0.5521695613861084
1.5329777002334595
1.0226294994354248
0.5252276659011841
1.5462043285369873
1.026545524597168
0.5433247089385986
1.5030945539474487
0.9909701943397522
0.5950589179992676
1.5035576820373535
0.9702722430229187
1.8850950002670288
0.09685122966766357
0.1443009078502655
0.2181253880262375
0.5023782
-0.59453946
-2.2531328
0.0
0.3864825665950775
1.2763766050338745
0.5517978668212891
1.532646894454956
1.0225399732589722
0.5203812122344971
1.5457546710968018
1.0282047986984253
0.5431742668151855
1.5032113790512085
0.9911044836044312
0.5937082767486572
1.5038175582885742
0.9709669351577759
1.8844014406204224
0.09606337547302246
0.14220459759235382
0.2183970808982849
0.4992704
-0.59275866
-2.251402
0.0
0.38647085428237915
1.2758874893188477
0.5515590310096741
1.5324358940124512
1.0224833488464355
0.5171322822570801
1.5455461740493774
1.0293810367584229
0.5413612127304077
1.5035367012023926
0.9920330047607422
0.5933281183242798
1.5038601160049438
0.9711430668830872
1.8840217590332031
0.09564673900604248
0.1413135975599289
0.21823829412460327
0.49589595
-0.5908661
-2.2494671
0.0
0.3863922655582428
1.2746142148971558
0.5512484312057495
1.5321611166000366
1.0224082469940186
0.5127290487289429
1.5452290773391724
1.030951976776123
0.5413679480552673
1.5035390853881836
0.9920320510864258
0.5925409197807312
1.50395667552948
0.9715152978897095
1.8836090564727783
0.09524144977331161
0.13965344429016113
0.21815183758735657
0.4935943
-0.5899899
-2.247702
0.0
0.3864501416683197
1.2737030982971191
0.5509852766990662
1.5319271087646484
1.0223451852798462
0.5102306008338928
1.545148253440857
1.0319098234176636
0.5394534468650818
1.503880500793457
0.993014931678772
0.5920617580413818
1.5040010213851929
0.9717366695404053
1.8833496570587158
0.09517247974872589
0.13910169899463654
0.2178632915019989
