0.6361813
0.0881327
3.0225286
0.0
0.0932699590921402
0.26682570576667786
0.32488852739334106
0.44611063599586487
0.3226274847984314
0.7679513096809387
0.72589111328125
0.43584004044532776
0.803995668888092
0.7435187101364136
0.4394816756248474
1.0385664701461792
0.7894851565361023
0.41872093081474304
0.5674423575401306
0.7201820611953735
0.07407569885253906
0.273403525352478
0.6360006
0.087756604
3.0229902
0.0
0.09348154813051224
0.2649727761745453
0.32445839047431946
0.4457044303417206
0.3223775327205658
0.7674717307090759
0.7255789637565613
0.43574488162994385
0.8035207986831665
0.7434044480323792
0.439511239528656
1.0494568347930908
0.7863587737083435
0.4148622155189514
0.5670808553695679
0.7202209830284119
0.0740748941898346
0.2800779938697815
0.6357143
0.087240495
3.0236146
0.0
0.09361045062541962
0.2632894515991211
0.32408931851387024
0.44546422362327576
0.32224544882774353
0.7672763466835022
0.7254202365875244
0.43568697571754456
0.8032889366149902
0.7433485388755798
0.4395264983177185
1.0585739612579346
0.7837107181549072
0.41162627935409546
0.5668715238571167
0.7204663753509521
0.07405878603458405
0.2855580449104309
0.63545454
0.08645968
3.0246031
0.0
0.0936550721526146
0.2623274326324463
0.32404980063438416
0.44543376564979553
0.3222290873527527
0.7672142386436462
0.7254396080970764
0.43571043014526367
0.8032486438751221
0.7433205246925354
0.4395188093185425
1.060219407081604
0.7822366952896118
0.4105496406555176
0.5669437050819397
0.7204881906509399
0.0740402564406395
0.2857465147972107
0.63525426
0.0859404
3.0252547
0.0
0.09377418458461761
0.2606857120990753
0.3239786624908447
0.44539254903793335
0.3222027122974396
0.7671988606452942
0.7254335284233093
0.43571028113365173
0.803235650062561
0.7433171272277832
0.43952077627182007
1.063990592956543
0.7805096507072449
0.40885233879089355
0.5669586658477783
0.7205638885498047
0.07403622567653656
0.2874232530593872
0.6349667
0.08534345
3.0259905
0.0
0.09447496384382248
0.25711455941200256
0.3238820433616638
0.44534358382225037
0.32217487692832947
0.7672040462493896
0.725433349609375
0.43570929765701294
0.8032245635986328
0.7433038949966431
0.43951600790023804
1.070212721824646
0.7784870862960815
0.4065832495689392
0.5668416619300842
0.720696747303009
0.07402171939611435
0.2908794581890106
0.6346622
0.08401508
3.0277107
0.0
0.09611431509256363
0.2518347501754761
0.3238522708415985
0.4452880918979645
0.32213571667671204
0.7671617865562439
0.7254592180252075
0.435733437538147
0.8030703067779541
0.7433114051818848
0.43955326080322266
1.0721460580825806
0.777458667755127
0.40563616156578064
0.5665857791900635
0.7207529544830322
0.07396285980939865
0.29166775941848755
0.63430595
0.082652345
3.0294678
0.0
0.09839898347854614
0.2454763799905777
0.3238176107406616
0.4452613592147827
0.322116881608963
0.7671198844909668
0.7254648804664612
0.435744047164917
0.8030585646629333
0.743339478969574
0.4395737051963806
1.0751820802688599
0.7776195406913757
0.4050517976284027
0.5660985112190247
0.7207673788070679
0.07397173345088959
0.2942339777946472
0.6340265
0.08137241
3.0311337
0.0
0.10060999542474747
0.23728887736797333
0.3237200081348419
0.4452170729637146
0.3220929801464081
0.7670743465423584
0.7254654765129089
0.43575364351272583
0.8030613660812378
0.743373453617096
0.43959471583366394
1.0776376724243164
0.7779382467269897
0.40470194816589355
0.5656107068061829
0.7208441495895386
0.07398705184459686
0.2964549958705902
0.63289464
0.07997553
3.032767
0.0
0.10355786234140396
0.22866788506507874
0.32353705167770386
0.44504666328430176
0.3219888210296631
0.7668825387954712
0.7253684997558594
0.4357300400733948
0.80291748046875
0.7433204650878906
0.4395942986011505
1.0834652185440063
0.7804638147354126
0.40482333302497864
0.5646164417266846
0.7208817005157471
0.07397656887769699
0.3035603165626526
0.6319472
0.078375354
3.0347264
0.0
0.10569072514772415
0.2225639820098877
0.3231204152107239
0.4446706175804138
0.32175537943840027
0.7664654850959778
0.7251694202423096
0.4356900751590729
0.8026676177978516
0.7432400584220886
0.4395999014377594
1.0970748662948608
0.7848469018936157
0.4042590856552124
0.5636361837387085
0.7210202217102051
0.07401446253061295
0.318991482257843
0.6313664
0.07673002
3.0368354
0.0
0.10701865702867508
0.21815872192382812
0.3223969340324402
0.4441249370574951
0.3214300870895386
0.7656722664833069
0.7249227166175842
0.4356909394264221
0.802222490310669
0.7429216504096985
0.4395032525062561
1.1191054582595825
0.7930763363838196
0.4038119912147522
0.5626028180122375
0.7211942672729492
0.07400237023830414
0.3457011282444
0.6312603
0.07412991
3.0403514
0.0
0.10789009183645248
0.2146090716123581
0.3218066394329071
0.4436033070087433
0.3211071193218231
0.7654036283493042
0.724849283695221
0.43569687008857727
0.8019130229949951
0.7428125739097595
0.4395039677619934
1.128720998764038
0.7970697283744812
0.4038201868534088
0.5620601773262024
0.7218679785728455
0.07390960305929184
0.35836097598075867
0.6311091
0.07165967
3.043684
0.0
0.10867107659578323
0.21187002956867218
0.32143858075141907
0.443008154630661
0.32070425152778625
0.7650448083877563
0.724830687046051
0.4357525110244751
0.8018912076950073
0.7427924275398254
0.4394975006580353
1.1371444463729858
0.7988494634628296
0.40300512313842773
0.5616811513900757
0.7223299741744995
0.07397656887769699
0.3676813840866089
0.63105273
0.069831856
3.046163
0.0
0.10956759005784988
0.20935508608818054
0.321059912443161
0.4422488808631897
0.3201736509799957
0.764908492565155
0.7248006463050842
0.4357592761516571
0.8018538951873779
0.7427965998649597
0.43950843811035156
1.1526614427566528
0.802324116230011
0.4014427661895752
0.5611623525619507
0.7231586575508118
0.0739910826086998
0.3849742114543915
0.63109344
0.068298504
3.0482607
0.0
0.11098872125148773
0.20636454224586487
0.3205987215042114
0.44151630997657776
0.31966930627822876
0.7648579478263855
0.7247822284698486
0.4357571601867676
0.8018500804901123
0.7428164482116699
0.43952229619026184
1.1719613075256348
0.8074057698249817
0.39983683824539185
0.5604309439659119
0.7241583466529846
0.07399673014879227
0.4073764979839325
0.63137954
0.0661761
3.0512075
0.0
0.11250244826078415
0.20248058438301086
0.32014182209968567
0.44085049629211426
0.3192189037799835
0.7648136019706726
0.7247901558876038
0.43576958775520325
0.8019142746925354
0.7428174018859863
0.43951180577278137
1.1895908117294312
0.8127946257591248
0.3987449109554291
0.5598964095115662
0.725108802318573
0.07401849329471588
0.4286496639251709
0.631648
0.06446261
3.0535915
0.0
0.11364927142858505
0.19935473799705505
0.31973719596862793
0.4403267800807953
0.3188616633415222
0.7647945880889893
0.724847674369812
0.43580758571624756
0.8019965887069702
0.7428205013275146
0.4394991993904114
1.208295226097107
0.8175705671310425
0.3970434367656708
0.559524416923523
0.7259531021118164
0.07402655482292175
0.45039841532707214
0.6466507
0.053627957
3.0706072
0.0
0.1220189779996872
0.1839783787727356
0.31870684027671814
0.43813809752464294
0.3172004520893097
0.7863302230834961
0.7299898862838745
0.4347614049911499
0.8207812905311584
0.7462056279182434
0.4378179609775543
1.2694965600967407
0.8455930352210999
0.39727288484573364
0.5617180466651917
0.754603385925293
0.07419640570878983
0.5149146914482117
0.6486672
0.052836638
3.0719447
0.0
0.1241694986820221
0.18307532370090485
0.31966912746429443
0.4384031295776367
0.3172111511230469
0.7903916835784912
0.7310544848442078
0.43462157249450684
0.8271809816360474
0.7485898733139038
0.4379529058933258
1.2795355319976807
0.8509522676467896
0.3975297510623932
0.5650186538696289
0.7580656409263611
0.07601547986268997
0.5216269493103027
0.64962405
0.05248036
3.0725505
0.0
0.12576954066753387
0.18315093219280243
0.32079043984413147
0.43878602981567383
0.3172934949398041
0.7933307886123657
0.7317357659339905
0.4344649910926819
0.830901563167572
0.7498672604560852
0.43796470761299133
1.2837090492248535
0.8541660308837891
0.398111492395401
0.5674216151237488
0.7598284482955933
0.07690425962209702
0.5241413116455078
0.65062475
0.05209956
3.0731926
0.0
0.128048837184906
0.18455904722213745
0.323068231344223
0.43950003385543823
0.3174355924129486
0.7957045435905457
0.7328212857246399
0.43465641140937805
0.8358833193778992
0.7510780692100525
0.43768957257270813
1.286941409111023
0.8567838668823242
0.39860305190086365
0.5722251534461975
0.7597365975379944
0.07841090112924576
0.5241290330886841
0.65177506
0.050993867
3.0748017
0.0
0.12942586839199066
0.18575018644332886
0.32492902874946594
0.4399363398551941
0.31744495034217834
0.7977432012557983
0.7342989444732666
0.43513840436935425
0.8391316533088684
0.7519360184669495
0.43754711747169495
1.2884187698364258
0.8581200838088989
0.3989066779613495
0.5752508640289307
0.7605389356613159
0.07901806384325027
0.5231443047523499
0.65263605
0.050122812
3.076058
0.0
0.1307697594165802
0.18748784065246582
0.3259887993335724
0.44021308422088623
0.3174669146537781
0.7995928525924683
0.7354246377944946
0.43545079231262207
0.8415722846984863
0.7534481883049011
0.43793997168540955
1.2890321016311646
0.8596897721290588
0.3995162546634674
0.5771191120147705
0.7618927359580994
0.079768106341362
0.5217087268829346
0.6532676
0.049791653
3.0765753
0.0
0.13278385996818542
0.19059059023857117
0.32710906863212585
0.4407683312892914
0.3176923394203186
0.8011107444763184
0.7361618876457214
0.4355960190296173
0.8435933589935303
0.7546375393867493
0.43823039531707764
1.2891771793365479
0.8609631657600403
0.4000794589519501
0.5793284177780151
0.7622283101081848
0.0804503783583641
0.52022784948349
0.65378153
0.04963523
3.076848
0.0
0.13490505516529083
0.19446022808551788
0.32832789421081543
0.4414222836494446
0.317981094121933
0.8027049899101257
0.7372492551803589
0.435933917760849
0.8446071743965149
0.7553037405014038
0.43841591477394104
1.2899599075317383
0.8625582456588745
0.4006500542163849
0.581791341304779
0.7628140449523926
0.08027886599302292
0.5209845900535583
0.6544905
0.049329437
3.0773406
0.0
0.13685342669487
0.1991623193025589
0.32970863580703735
0.4423818588256836
0.3184624910354614
0.8039323687553406
0.7378819584846497
0.4360726773738861
0.8454030752182007
0.7560707926750183
0.43870270252227783
1.2914584875106812
0.8646669983863831
0.4012903571128845
0.5848006010055542
0.7621200680732727
0.08035019040107727
0.5229887366294861
0.6554119
0.04898973
3.0779037
0.0
0.13859222829341888
0.2027258574962616
0.33111080527305603
0.44352513551712036
0.3190680742263794
0.8046875596046448
0.738445520401001
0.4362608790397644
0.845850944519043
0.7566958069801331
0.43897512555122375
1.2938696146011353
0.8675292730331421
0.40210047364234924
0.5875836610794067
0.7606906294822693
0.08039695769548416
0.5269631147384644
0.6563601
0.0486315
3.0784926
0.0
0.13983359932899475
0.20537228882312775
0.3323805034160614
0.4446893334388733
0.31970420479774475
0.805329442024231
0.7390837669372559
0.43651512265205383
0.8463575839996338
0.7572805285453796
0.4392123520374298
1.2981200218200684
0.8714185357093811
0.4029233455657959
0.5901464819908142
0.7593643069267273
0.08046521246433258
0.5335867404937744
0.65724725
0.048163846
3.079213
0.0
0.14076705276966095
0.2071174681186676
0.33320775628089905
0.445534884929657
0.3201838731765747
0.8060005307197571
0.7397565841674805
0.43678349256515503
0.8469595313072205
0.757964551448822
0.43948855996131897
1.3017027378082275
0.8740571737289429
0.4033603072166443
0.5917369723320007
0.7589302062988281
0.08060967922210693
0.5381911396980286
0.6577742
0.047858253
3.0796757
0.0
0.14177076518535614
0.20873959362506866
0.3337853252887726
0.4462216794490814
0.3205987215042114
0.8065477013587952
0.7403115034103394
0.43700605630874634
0.8476681113243103
0.7586835622787476
0.4397626221179962
1.3097729682922363
0.877213716506958
0.4030083119869232
0.5928146243095398
0.7586944103240967
0.0809059664607048
0.5473295450210571
0.65819675
0.047419526
3.080296
0.0
0.14286252856254578
0.21036022901535034
0.3341529965400696
0.44680511951446533
0.3209671378135681
0.8071064352989197
0.7406830787658691
0.43711984157562256
0.8483363389968872
0.7592693567276001
0.439967542886734
1.3131370544433594
0.8789624571800232
0.4030572474002838
0.5935280919075012
0.7586253881454468
0.0811842754483223
0.5508993268013
0.65852714
0.04698207
3.0809023
0.0
0.14378060400485992
0.2116967886686325
0.33462828397750854
0.44749534130096436
0.3213832974433899
0.8075743317604065
0.7410382628440857
0.4372390806674957
0.8490099906921387
0.7598181962966919
0.44014972448349
1.3170560598373413
0.881895899772644
0.40346065163612366
0.5945056080818176
0.7582215070724487
0.08149385452270508
0.5560923218727112
0.6588534
0.046630178
3.081397
0.0
0.14459779858589172
0.21248649060726166
0.33505362272262573
0.4481666684150696
0.32180097699165344
0.8079335689544678
0.7413026690483093
0.4373273253440857
0.8495403528213501
0.7601718902587891
0.44024819135665894
1.3179978132247925
0.88333660364151
0.403907835483551
0.5954295992851257
0.7576913833618164
0.08172125369310379
0.5574243068695068
0.6591398
0.046360306
3.0817804
0.0
0.1456787884235382
0.21320655941963196
0.33537429571151733
0.44855812191963196
0.32203420996665955
0.8082574009895325
0.7414884567260742
0.4373757243156433
0.8498616218566895
0.7603599429130554
0.44029223918914795
1.320367455482483
0.8856468200683594
0.404433012008667
0.5959885716438293
0.7574278712272644
0.08181247860193253
0.5612653493881226
0.65940136
0.046039883
3.0822253
0.0
0.14688673615455627
0.21369560062885284
0.33560043573379517
0.4489767253398895
0.3222934305667877
0.8085612058639526
0.7416200637817383
0.43739640712738037
0.85020512342453
0.7605060338973999
0.44030776619911194
1.3208022117614746
0.8867440819740295
0.40483060479164124
0.5963618159294128
0.7571786046028137
0.08192472159862518
0.5621901154518127
0.6596258
0.045794252
3.0825691
0.0
0.14803600311279297
0.21423456072807312
0.3358110189437866
0.4494003355503082
0.32256242632865906
0.808896005153656
0.7416859865188599
0.4373719394207001
0.8505368232727051
0.7606749534606934
0.4403385519981384
1.3217545747756958
0.888541579246521
0.40543657541275024
0.5967540740966797
0.7568960189819336
0.0820557251572609
0.5642499327659607
0.6601174
0.045215063
3.083374
0.0
0.15406474471092224
0.21574939787387848
0.3367261588573456
0.45065930485725403
0.3233153820037842
0.8104015588760376
0.7416700124740601
0.4370771646499634
0.8518354892730713
0.7607051134109497
0.44009628891944885
1.322320580482483
0.8910465240478516
0.4064626693725586
0.5971736311912537
0.756056010723114
0.08229897916316986
0.5657721757888794
0.6603702
0.044966016
3.0837245
0.0
0.15640364587306976
0.2165253758430481
0.33717110753059387
0.451387882232666
0.32377001643180847
0.8114399313926697
0.7413841485977173
0.43671247363090515
0.8523834943771362
0.7606886029243469
0.43997693061828613
1.3210264444351196
0.892247200012207
0.40730351209640503
0.5975584387779236
0.7555736899375916
0.08235044032335281
0.5651201605796814
0.66037583
0.0449609
3.0837317
0.0
0.15644802153110504
0.21654091775417328
0.3371826410293579
0.4514007270336151
0.3237799406051636
0.8114577531814575
0.7413808107376099
0.43670740723609924
0.8523964881896973
0.760685920715332
0.4399728775024414
1.3210147619247437
0.8922584652900696
0.4073117971420288
0.5975692272186279
0.7555621266365051
0.08235261589288712
0.5651088953018188
0.6610302
0.043886326
3.0851896
0.0
0.1589408963918686
0.21756471693515778
0.3380400836467743
0.4523221254348755
0.3243136405944824
0.8126524686813354
0.7411543130874634
0.43634775280952454
0.8533175587654114
0.7606865763664246
0.4397897720336914
1.3205658197402954
0.8940482139587402
0.4082221984863281
0.5986194610595703
0.7546486258506775
0.08254874497652054
0.5654175877571106
0.66125506
0.043491572
3.0857222
0.0
0.16009588539600372
0.21821461617946625
0.33825820684432983
0.4524931311607361
0.3244037926197052
0.8130300045013428
0.7410587668418884
0.4362203776836395
0.8536651134490967
0.7606509923934937
0.4397006034851074
1.3211026191711426
0.8952752351760864
0.4086579978466034
0.5986331701278687
0.7545127868652344
0.08263038843870163
0.5667544007301331
0.66170657
0.04290813
3.0865223
0.0
0.16235747933387756
0.2197100967168808
0.33857885003089905
0.45272988080978394
0.3245178461074829
0.8134238123893738
0.7409674525260925
0.43609142303466797
0.854114294052124
0.760577380657196
0.4395696520805359
1.322844386100769
0.8979341387748718
0.4094437062740326
0.5985719561576843
0.7542046904563904
0.08273648470640182
0.5704447031021118
0.6621961
0.042373605
3.0872626
0.0
0.1642109602689743
0.22084790468215942
0.3392835557460785
0.45319485664367676
0.3247452676296234
0.8138453960418701
0.7408491373062134
0.43594226241111755
0.8548575639724731
0.7604895830154419
0.43937280774116516
1.3270118236541748
0.9028148651123047
0.4106871783733368
0.5992396473884583
0.7532730102539062
0.08298565447330475
0.5782244801521301
0.6627193
0.041613482
3.088294
0.0
0.16523854434490204
0.22142508625984192
0.3399384319782257
0.45363518595695496
0.32495760917663574
0.8144052028656006
0.7407187819480896
0.43575984239578247
0.8555651307106018
0.760351836681366
0.4391530454158783
1.3278698921203613
0.9051533341407776
0.41153404116630554
0.6000985503196716
0.7525335550308228
0.08315159380435944
0.5806607007980347
0.66302735
0.040668838
3.089536
0.0
0.16649484634399414
0.2221282720565796
0.34054410457611084
0.4541183412075043
0.3252045214176178
0.8149135112762451
0.7406896948814392
0.4356464445590973
0.8559947609901428
0.7601956725120544
0.4389791786670685
1.3276193141937256
0.9065516591072083
0.41224244236946106
0.6008374094963074
0.7518443465232849
0.0831444188952446
0.5814477205276489
0.66335136
0.039618745
3.090913
0.0
0.16852684319019318
0.22306299209594727
0.3408099114894867
0.4544972777366638
0.3254280984401703
0.8153636455535889
0.7406248450279236
0.4355227053165436
0.8563209772109985
0.7600845694541931
0.43885111808776855
1.327315092086792
0.9071425199508667
0.4125954806804657
0.600714385509491
0.7515289187431335
0.08313868194818497
0.5814989805221558
0.66352165
0.038922112
3.091821
0.0
0.1707272231578827
0.22424866259098053
0.340964674949646
0.4547105133533478
0.3255518674850464
0.8155653476715088
0.7406275868415833
0.43548569083213806
0.857072651386261
0.7598515152931213
0.4385683834552765
1.32771897315979
0.9082828164100647
0.4130220115184784
0.6001750826835632
0.7513279914855957
0.08334799855947495
0.5824517011642456
0.66367257
0.038302246
3.0926285
0.0
0.1729961484670639
0.22553563117980957
0.34117013216018677
0.4550069570541382
0.32572272419929504
0.8157161474227905
0.7406224608421326
0.43545445799827576
0.8572623133659363
0.7597593069076538
0.438478946685791
1.3273879289627075
0.9088667631149292
0.4133766293525696
0.5997238159179688
0.7509275078773499
0.08336160331964493
0.5825815796852112
0.6638169
0.037706524
3.0934038
0.0
0.17389725148677826
0.22591832280158997
0.34127092361450195
0.45517173409461975
0.32582125067710876
0.8161336183547974
0.7404958009719849
0.4353005588054657
0.8573163747787476
0.7597368955612183
0.4384552240371704
1.3271821737289429
0.9103528261184692
0.4141087234020233
0.5997697114944458
0.750914990901947
0.08328783512115479
0.5837340354919434
0.66395116
0.037150748
3.0941267
0.0
0.17575593292713165
0.2266995757818222
0.3415180444717407
0.45536571741104126
0.32591694593429565
0.8164225220680237
0.7403871417045593
0.43518292903900146
0.8574422001838684
0.7596498131752014
0.4383806884288788
1.3276039361953735
0.9119706749916077
0.41474923491477966
0.5996679067611694
0.7505958080291748
0.08325774222612381
0.5856109857559204
0.66407186
0.03664877
3.0947795
0.0
0.17816129326820374
0.22782889008522034
0.3417496681213379
0.45554715394973755
0.3260051906108856
0.8166225552558899
0.7403564453125
0.4351270794868469
0.8576231598854065
0.7596060037612915
0.4383201599121094
1.3273223638534546
0.9126426577568054
0.4151265621185303
0.5991849899291992
0.750298023223877
0.08328139036893845
0.5858528017997742
0.6641892
0.036159255
3.0954156
0.0
0.18187083303928375
0.22877724468708038
0.3418547809123993
0.45562490820884705
0.3260384798049927
0.8168987035751343
0.740359365940094
0.4350757598876953
0.857953667640686
0.7596019506454468
0.4382532835006714
1.3270429372787476
0.9132403135299683
0.4154732823371887
0.597609281539917
0.7503471970558167
0.0833565890789032
0.5858708024024963
0.66429603
0.035712443
3.095996
0.0
0.1837485432624817
0.22925090789794922
0.34213417768478394
0.4556441307067871
0.3260027766227722
0.817030668258667
0.7403020262718201
0.4350181818008423
0.8582150936126709
0.759579598903656
0.43818867206573486
1.3267300128936768
0.9143229722976685
0.41605356335639954
0.5972787737846375
0.7500709891319275
0.08345675468444824
0.5863960385322571
0.66439784
0.035284996
3.0965507
0.0
0.18479374051094055
0.22946012020111084
0.342372328042984
0.45570847392082214
0.3260057270526886
0.8171275854110718
0.7402536273002625
0.4349710941314697
0.8583561182022095
0.7595317363739014
0.43813347816467285
1.326367735862732
0.9151754975318909
0.416538804769516
0.597362220287323
0.7497637271881104
0.08349178731441498
0.5867933630943298
0.6644937
0.03488136
3.0970745
0.0
0.18544268608093262
0.22951775789260864
0.3426603674888611
0.45581233501434326
0.3260258436203003
0.8172712922096252
0.7401795387268066
0.43490079045295715
0.8583696484565735
0.7594572305679321
0.43808794021606445
1.325932502746582
0.9162195324897766
0.41712650656700134
0.5977514982223511
0.7493809461593628
0.08344888687133789
0.5874393582344055
0.6645379
0.033970717
3.0982401
0.0
0.18717420101165771
0.22981911897659302
0.34286341071128845
0.45594868063926697
0.3260838985443115
0.8174445629119873
0.7401753664016724
0.4348651170730591
0.8584029674530029
0.7593411207199097
0.4380148947238922
1.3251285552978516
0.917280912399292
0.41780155897140503
0.5975437164306641
0.7491633296012878
0.08336517959833145
0.5877758860588074
0.66449654
0.032963537
3.0995212
0.0
0.18894842267036438
0.22988948225975037
0.3430447578430176
0.4561006724834442
0.32616186141967773
0.8175138235092163
0.7401542067527771
0.43483981490135193
0.858415424823761
0.7593062520027161
0.43799182772636414
1.3243534564971924
0.9181307554244995
0.4183799624443054
0.5972084999084473
0.7488444447517395
0.08334942907094955
0.5878884196281433
0.66439337
0.032308497
3.1003482
0.0
0.19067583978176117
0.23051954805850983
0.3431338667869568
0.4561935067176819
0.32621002197265625
0.817541778087616
0.7401413917541504
0.4348267912864685
0.8597186207771301
0.7601980566978455
0.43824949860572815
1.3235347270965576
0.9190185070037842
0.41900408267974854
0.5967124104499817
0.7486470341682434
0.08444127440452576
0.5859684944152832
0.6643278
0.031815913
3.1009712
0.0
0.19214273989200592
0.23103681206703186
0.3432256281375885
0.45629873871803284
0.326264351606369
0.8175515532493591
0.7401502728462219
0.43483033776283264
0.8596998453140259
0.7602052092552185
0.4382573664188385
1.323042869567871
0.9198370575904846
0.4194996953010559
0.5963087677955627
0.7484418749809265
0.08443985879421234
0.5863049626350403
0.6641815
0.03127754
3.1016462
0.0
0.19414101541042328
0.23182523250579834
0.3432564437389374
0.4563763737678528
0.3263089656829834
0.8179523944854736
0.7404677271842957
0.43493953347206116
0.8595266938209534
0.7602188587188721
0.43830007314682007
1.3225868940353394
0.9209481477737427
0.42012515664100647
0.5954141020774841
0.7490317821502686
0.0841226577758789
0.5871042013168335
0.66400206
0.030900888
3.1021125
0.0
0.19567854702472687
0.2323567271232605
0.34322598576545715
0.45641738176345825
0.3263400197029114
0.8179833889007568
0.7406154274940491
0.4350207448005676
0.8594949841499329
0.7602707743644714
0.438336580991745
1.3222945928573608
0.9223074316978455
0.4208177328109741
0.5946780443191528
0.749188244342804
0.0840822085738182
0.5881210565567017
0.66383326
0.030546514
3.1025515
0.0
0.19695614278316498
0.2332635372877121
0.3432130515575409
0.4564717411994934
0.32637423276901245
0.8179250359535217
0.7407054305076599
0.43508535623550415
0.8593694567680359
0.7603889107704163
0.4384293854236603
1.3221412897109985
0.9238759279251099
0.4215882122516632
0.5941895246505737
0.74916011095047
0.08408433943986893
0.5895046591758728
0.66365546
0.030176008
3.103011
0.0
0.19824862480163574
0.23406951129436493
0.34320172667503357
0.4564818739891052
0.32637888193130493
0.8178951144218445
0.7408021688461304
0.4351484179496765
0.8591477870941162
0.76055908203125
0.4385720193386078
1.3220864534378052
0.9255321621894836
0.42237189412117004
0.5935244560241699
0.7492168545722961
0.08405239880084991
0.5911117792129517
0.6634934
0.029937578
3.1033027
0.0
0.199606791138649
0.23492656648159027
0.3431538939476013
0.4565294682979584
0.32641568779945374
0.8177951574325562
0.7409203052520752
0.4352376461029053
0.8593032360076904
0.7615951299667358
0.43914085626602173
1.321974754333496
0.9280628561973572
0.4235520362854004
0.5928694605827332
0.7492241263389587
0.0846509113907814
0.5923745036125183
0.6633683
0.02970413
3.1035914
0.0
0.20099203288555145
0.23593640327453613
0.3430711627006531
0.45659342408180237
0.32646939158439636
0.8176820874214172
0.7410743236541748
0.43535029888153076
0.8592001795768738
0.7618364095687866
0.4393012225627899
1.3218790292739868
0.9297659993171692
0.4243551790714264
0.5921387672424316
0.7492775917053223
0.08471433073282242
0.5938161611557007
0.66322356
0.029445894
3.1039104
0.0
0.20291641354560852
0.2378384917974472
0.3430052399635315
0.4566689729690552
0.3265281319618225
0.8176230192184448
0.7415794730186462
0.43565815687179565
0.8590273261070251
0.7621414661407471
0.4395122230052948
1.3216482400894165
0.9309677481651306
0.4249609112739563
0.591079592704773
0.7497022747993469
0.08462834358215332
0.5946560502052307
0.662949
0.02922106
3.104177
0.0
0.20458544790744781
0.2388649731874466
0.3429832458496094
0.4566960036754608
0.32655006647109985
0.8175197243690491
0.7418811321258545
0.4358568489551544
0.8589469790458679
0.7624566555023193
0.43971067667007446
1.3213390111923218
0.9319630265235901
0.4254895746707916
0.5901550650596619
0.7498847246170044
0.08468544483184814
0.59512859582901
0.6626685
0.028991338
3.1044495
0.0
0.20602451264858246
0.23927676677703857
0.3429676592350006
0.45672115683555603
0.32656678557395935
0.8173568248748779
0.7422085404396057
0.4360811412334442
0.8588294982910156
0.7627983093261719
0.4399314522743225
1.321158766746521
0.9337027668952942
0.42632734775543213
0.5893084406852722
0.7500337362289429
0.08474532514810562
0.5964545011520386
0.662385
0.028853608
3.1046042
0.0
0.20719832181930542
0.23988662660121918
0.34293505549430847
0.4567469656467438
0.32658982276916504
0.8172515630722046
0.7424899339675903
0.4362673759460449
0.8587892651557922
0.7631004452705383
0.4401146173477173
1.321069598197937
0.9358199238777161
0.4273096024990082
0.5886085629463196
0.7502129673957825
0.08482204377651215
0.598202109336853
0.6620315
0.028776962
3.1046755
0.0
0.20825842022895813
0.24042215943336487
0.3428651988506317
0.45677101612091064
0.32661378383636475
0.8171331286430359
0.742740273475647
0.43643900752067566
0.8588087558746338
0.7633830308914185
0.4402742087841034
1.321131706237793
0.9381861090660095
0.4283841550350189
0.5879355072975159
0.7503875494003296
0.08493804931640625
0.6002602577209473
0.661586
0.028715752
3.1047204
0.0
0.20941530168056488
0.24109384417533875
0.3427181839942932
0.45680466294288635
0.32665538787841797
0.8170725107192993
0.7431085705757141
0.43666765093803406
0.858785092830658
0.7635692358016968
0.44038623571395874
1.3210012912750244
0.9409139752388
0.4296744167804718
0.5871082544326782
0.7508065700531006
0.08491837233304977
0.6026319861412048
0.66118646
0.028660623
3.1047606
0.0
0.21088793873786926
0.2417338341474533
0.3426048457622528
0.4568573832511902
0.3267059028148651
0.8170463442802429
0.7433860898017883
0.4368358850479126
0.8587058186531067
0.7638224363327026
0.4405490756034851
1.3206861019134521
0.9440036416053772
0.4311676323413849
0.5860207676887512
0.7511170506477356
0.08492399752140045
0.6051519513130188
0.6608166
0.028664662
3.1047275
0.0
0.21247659623622894
0.24275828897953033
0.34258532524108887
0.45687535405158997
0.32671892642974854
0.8170644640922546
0.7436822056770325
0.4370066225528717
0.8586866855621338
0.7641121745109558
0.4407202899456024
1.320048451423645
0.9470849633216858
0.4327496886253357
0.5849254727363586
0.751430869102478
0.0849556103348732
0.6072536706924438
0.68325776
0.04423534
3.0872717
0.0
0.2322629988193512
0.28554344177246094
0.3458850681781769
0.4611857533454895
0.32917600870132446
0.8316441178321838
0.7569670081138611
0.4419908821582794
0.8662360310554504
0.7736693620681763
0.44479724764823914
1.0601211786270142
0.8677728772163391
0.455137699842453
0.5800225734710693
0.7706919312477112
0.08529771864414215
0.29511624574661255
0.6768608
0.048981104
3.0806584
0.0
0.23373648524284363
0.29056236147880554
0.3458574712276459
0.46114006638526917
0.3291463255882263
0.8272942900657654
0.7570684552192688
0.44292929768562317
0.8646630048751831
0.7736481428146362
0.4451049566268921
1.0552235841751099
0.8630374670028687
0.45383182168006897
0.5770574808120728
0.7664319276809692
0.08577840775251389
0.28877004981040955
0.673072
0.051716294
3.0767589
0.0
0.23466266691684723
0.2936089336872101
0.3452981114387512
0.4607139229774475
0.328910768032074
0.8237004280090332
0.7574941515922546
0.44390347599983215
0.8608735799789429
0.7730636596679688
0.4455229938030243
1.054458498954773
0.8611657023429871
0.4530501365661621
0.5743170976638794
0.7641884088516235
0.08483821898698807
0.28963425755500793
0.66915625
0.05401172
3.0733392
0.0
0.2350737452507019
0.2966149151325226
0.34399545192718506
0.46003520488739014
0.328588604927063
0.8205320835113525
0.7577952146530151
0.4447149634361267
0.8576550483703613
0.7725376486778259
0.44586271047592163
1.054652214050293
0.8608303070068359
0.45283588767051697
0.5707526803016663
0.7632602453231812
0.08408576250076294
0.2920383810997009
0.660629
0.05711186
3.0681527
0.0
0.235799178481102
0.29973578453063965
0.3407043218612671
0.45875120162963867
0.3280634582042694
0.8143313527107239
0.7570406198501587
0.44549837708473206
0.8534285426139832
0.7731862664222717
0.44708287715911865
1.0590227842330933
0.8597253561019897
0.4513377249240875
0.5639548301696777
0.7608641386032104
0.08451544493436813
0.2969483733177185
0.65241784
0.059684757
3.06354
0.0
0.2366083711385727
0.3030596077442169
0.33351925015449524
0.45692208409309387
0.3276394009590149
0.8074753284454346
0.7559248805046082
0.4461970925331116
0.8451512455940247
0.7719590663909912
0.44800788164138794
1.0747569799423218
0.8571868538856506
0.446712851524353
0.5520973205566406
0.7619644999504089
0.08274513483047485
0.31404227018356323
0.64693177
0.06088574
3.061064
0.0
0.2369539439678192
0.30641409754753113
0.325888454914093
0.4558372497558594
0.3278193771839142
0.8006196618080139
0.7558337450027466
0.44750910997390747
0.8381205797195435
0.7707229256629944
0.44867685437202454
1.0957016944885254
0.8554341197013855
0.4411892294883728
0.5414455533027649
0.7638684511184692
0.08126728981733322
0.33576473593711853
0.64244413
0.061857074
3.0590172
0.0
0.23660533130168915
0.3091491162776947
0.3181888461112976
0.4550717771053314
0.3282434046268463
0.7930386662483215
0.7550572156906128
0.4485522210597992
0.8305759429931641
0.7700587511062622
0.44978585839271545
1.1190080642700195
0.8552432060241699
0.4358510673046112
0.5318530797958374
0.764183759689331
0.08031155914068222
0.3615647554397583
0.6396604
0.062151074
3.0581446
0.0
0.23569302260875702
0.31098344922065735
0.31259360909461975
0.45503854751586914
0.3289550542831421
0.7872918248176575
0.7544885277748108
0.4493500888347626
0.8235855102539062
0.7695581912994385
0.4508841037750244
1.1402521133422852
0.8564229011535645
0.4316250681877136
0.5255528092384338
0.7637296915054321
0.07908599823713303
0.3869004547595978
0.6375056
0.062391397
3.0574462
0.0
0.23501412570476532
0.3126707673072815
0.30862367153167725
0.45512670278549194
0.32952597737312317
0.7820690870285034
0.7541549801826477
0.4501833915710449
0.8184231519699097
0.7694002985954285
0.45182108879089355
1.1598577499389648
0.8577961325645447
0.42788124084472656
0.5213086605072021
0.7622367739677429
0.07855458557605743
0.4097161293029785
0.6358819
0.062269866
3.0573256
0.0
0.23443388938903809
0.31378456950187683
0.3058207333087921
0.45501333475112915
0.32980361580848694
0.7780189514160156
0.7546024322509766
0.45125505328178406
0.8145822286605835
0.7695940732955933
0.45270439982414246
1.1762319803237915
0.8589035868644714
0.4247280955314636
0.5183757543563843
0.7616631984710693
0.07813495397567749
0.42831239104270935
0.633785
0.06208942
3.0572011
0.0
0.2340540885925293
0.3143092095851898
0.303813636302948
0.455020934343338
0.33005863428115845
0.7751032114028931
0.7549552917480469
0.45204249024391174
0.8125865459442139
0.7700005173683167
0.45334622263908386
1.192062497138977
0.8602501749992371
0.4218504726886749
0.5166906118392944
0.7611503005027771
0.07825551927089691
0.44511091709136963
0.6315581
0.06161625
3.0574527
0.0
0.2335699200630188
0.31462448835372925
0.3025270998477936
0.454966276884079
0.33017757534980774
0.7731050252914429
0.7556664347648621
0.4528648853302002
0.8108904957771301
0.7706944346427917
0.454099178314209
1.2042864561080933
0.8610655665397644
0.41951286792755127
0.5157692432403564
0.7612233757972717
0.07822806388139725
0.45781874656677246
0.62947196
0.06098595
3.0579476
0.0
0.232877716422081
0.314899206161499
0.30193015933036804
0.45513471961021423
0.3303700089454651
0.7724565267562866
0.7560291290283203
0.4532121419906616
0.8100667595863342
0.771198570728302
0.4545632600784302
1.2145135402679443
0.8622394800186157
0.4177323877811432
0.5158228278160095
0.7613669037818909
0.07817847281694412
0.46862950921058655
0.6278763
0.059836894
3.0592456
0.0
0.2323761284351349
0.31483954191207886
0.3018014430999756
0.4552910327911377
0.33049750328063965
0.7720913887023926
0.7563715577125549
0.4534907341003418
0.8099530935287476
0.7713783383369446
0.4546920657157898
1.217755913734436
0.862060010433197
0.4169396162033081
0.5161500573158264
0.7613130807876587
0.07821585983037949
0.47146034240722656
0.6266374
0.05906107
3.0600998
0.0
0.23174116015434265
0.3147694766521454
0.30171018838882446
0.4554387629032135
0.3306156098842621
0.7714461088180542
0.7568448185920715
0.45390400290489197
0.8098320960998535
0.7715317010879517
0.4548074007034302
1.2210944890975952
0.861896276473999
0.41613245010375977
0.5166062712669373
0.7610754370689392
0.07828448712825775
0.4744090139865875
0.62567925
0.058645733
3.060509
0.0
0.2309863120317459
0.3142881989479065
0.3016205132007599
0.4556288421154022
0.33076152205467224
0.7712180018424988
0.7571188807487488
0.45411357283592224
0.809125542640686
0.7721010446548462
0.4552876353263855
1.228126883506775
0.8621014356613159
0.41464167833328247
0.5172215104103088
0.7610106468200684
0.07820747047662735
0.48125895857810974
0.6259771
0.057932332
3.0615435
0.0
0.22991564869880676
0.3140065670013428
0.30156776309013367
0.45612555742263794
0.3311142921447754
0.771101176738739
0.7572972178459167
0.45424318313598633
0.8086557984352112
0.7726703882217407
0.4557199776172638
1.232193112373352
0.8619747161865234
0.4136824905872345
0.51851886510849
0.76059889793396
0.07822959125041962
0.48488911986351013
0.62627804
0.057365805
3.0623746
0.0
0.22886817157268524
0.3134501278400421
0.30152520537376404
0.4567776620388031
0.33159011602401733
0.7708573937416077
0.7576221227645874
0.45448681712150574
0.8083898425102234
0.773013710975647
0.4559772312641144
1.2382091283798218
0.8621060252189636
0.4124387800693512
0.520029604434967
0.7600467205047607
0.07823339849710464
0.4906477928161621
0.62671494
0.056808785
3.0632143
0.0
0.22768688201904297
0.3132850229740143
0.3017491102218628
0.4578438401222229
0.33231255412101746
0.7705790996551514
0.7581104636192322
0.4548349380493164
0.8083153367042542
0.7733110189437866
0.4561687409877777
1.2408396005630493
0.8618931770324707
0.4117676317691803
0.5224427580833435
0.7589120268821716
0.07825856655836105
0.49280840158462524
0.62686145
0.056522124
3.063633
0.0
0.22685863077640533
0.3129926323890686
0.30194538831710815
0.45885413885116577
0.33301088213920593
0.7703162431716919
0.7586133480072021
0.4551882743835449
0.8080037236213684
0.7741409540176392
0.4567241370677948
1.2463548183441162
0.8618335127830505
0.41049766540527344
0.5244014859199524
0.7579105496406555
0.07839643955230713
0.4975440502166748
0.62829536
0.055339333
3.0654902
0.0
0.22571760416030884
0.3126765787601471
0.30243346095085144
0.46031010150909424
0.3339797556400299
0.7703132033348083
0.7592393755912781
0.4555602967739105
0.8076081275939941
0.7752139568328857
0.45744073390960693
1.2477059364318848
0.8618532419204712
0.4102182686328888
0.527555525302887
0.7565457820892334
0.07847250998020172
0.49826979637145996
0.6283493
0.055220786
3.0656617
0.0
0.2248677909374237
0.31290048360824585
0.3025239109992981
0.46122995018959045
0.3346288204193115
0.7700122594833374
0.7602694630622864
0.45623692870140076
0.8078095316886902
0.7761392593383789
0.4579475224018097
1.252044677734375
0.8621829152107239
0.4093986451625824
0.5293955206871033
0.7562457919120789
0.0787108987569809
0.5016776919364929
0.6287277
0.054881986
3.0661864
0.0
0.22387686371803284
0.31260254979133606
0.30273351073265076
0.4620461165904999
0.33518409729003906
0.7697048187255859
0.7613998055458069
0.45697370171546936
0.8079019784927368
0.7771413922309875
0.4585217833518982
1.2549800872802734
0.8619280457496643
0.4086311459541321
0.5313659310340881
0.7560274004936218
0.07890396565198898
0.5032877326011658
0.6288939
0.054763854
3.0663745
0.0
0.2230454832315445
0.3119085133075714
0.3027782738208771
0.4626295268535614
0.33559101819992065
0.7696389555931091
0.7623983025550842
0.45757973194122314
0.8077913522720337
0.7780151963233948
0.45906147360801697
1.2615747451782227
0.8619852066040039
0.40717968344688416
0.5328470468521118
0.7563235759735107
0.07890623062849045
0.5088512301445007
0.62907046
0.054624524
3.0665934
0.0
0.22221051156520844
0.31075894832611084
0.3027694821357727
0.46320948004722595
0.33601391315460205
0.7695838809013367
0.763411283493042
0.45819294452667236
0.8077715635299683
0.7786710858345032
0.4594537019729614
1.2708431482315063
0.8626282215118408
0.40537112951278687
0.5343708992004395
0.7567192912101746
0.07884646952152252
0.5174679756164551
0.6292725
0.05444505
3.066871
0.0
0.22106601297855377
0.3091428577899933
0.3027261197566986
0.4637012183666229
0.33637166023254395
0.769365668296814
0.764299213886261
0.45876345038414
0.807773232460022
0.7794422507286072
0.45990967750549316
1.2821029424667358
0.862790048122406
0.402901291847229
0.5358737707138062
0.756949245929718
0.07893949747085571
0.5273464918136597
0.6295056
0.054190412
3.0672562
0.0
0.21967345476150513
0.30747994780540466
0.3026261329650879
0.46395328640937805
0.3365635573863983
0.7691840529441833
0.7650095820426941
0.45922166109085083
0.8076756596565247
0.7802299857139587
0.4603951573371887
1.2941524982452393
0.8627122640609741
0.40015366673469543
0.5371739864349365
0.7573366761207581
0.07904524356126785
0.5377949476242065
0.6298083
0.053882524
3.0677247
0.0
0.21833132207393646
0.3056076467037201
0.3024834990501404
0.4641270935535431
0.33670538663864136
0.7690302133560181
0.7658874988555908
0.4597741663455963
0.807564914226532
0.7807385921478271
0.4607184827327728
1.3059715032577515
0.8621500134468079
0.39725732803344727
0.5384467840194702
0.7580471038818359
0.07895763218402863
0.5477901101112366
0.63019526
0.053523026
3.068276
0.0
0.21710336208343506
0.30405405163764954
0.3022471070289612
0.4643588364124298
0.336900919675827
0.7688316702842712
0.7668289542198181
0.46037301421165466
0.8075072169303894
0.7814532518386841
0.4611525237560272
1.3168615102767944
0.8614355325698853
0.3944705128669739
0.5396108031272888
0.7588147521018982
0.07897727936506271
0.556651771068573
0.6305881
0.053302243
3.0686378
0.0
0.2158201038837433
0.30225449800491333
0.3021225333213806
0.4646478295326233
0.33712172508239746
0.7687299847602844
0.7676382660865784
0.4608742594718933
0.8076107501983643
0.7824349999427795
0.46171119809150696
1.3216079473495483
0.8611558675765991
0.393227756023407
0.5409212708473206
0.7593745589256287
0.07919908314943314
0.5598118305206299
0.6310963
0.053040862
3.0690722
0.0
0.21440914273262024
0.2999492883682251
0.30212053656578064
0.4654189944267273
0.33767539262771606
0.7687097787857056
0.7684206962585449
0.4613427221775055
0.8078274130821228
0.7831835150718689
0.46211016178131104
1.3234608173370361
0.8614599108695984
0.3929348886013031
0.5429457426071167
0.7593826651573181
0.07935638725757599
0.5609445571899414
0.63231796
0.05248723
3.0700111
0.0
0.21271304786205292
0.29775580763816833
0.3020462095737457
0.46588096022605896
0.33801543712615967
0.769145131111145
0.7694917917251587
0.46189138293266296
0.8085675239562988
0.7841654419898987
0.4625381827354431
1.3240631818771362
0.8613541722297668
0.39275801181793213
0.544802725315094
0.7605100870132446
0.07961536198854446
0.559856116771698
0.6339416
0.052061353
3.0708315
0.0
0.21099810302257538
0.29519638419151306
0.3022162616252899
0.46667805314064026
0.33856844902038574
0.7697740197181702
0.7704312205314636
0.46232160925865173
0.8102201819419861
0.7855453491210938
0.46301335096359253
1.3240306377410889
0.8613759279251099
0.39277374744415283
0.5473816394805908
0.7611104249954224
0.08044370263814926
0.5571238398551941
0.6353019
0.051722024
3.0714912
0.0
0.20898795127868652
0.2928403615951538
0.30315086245536804
0.46856191754341125
0.3397938013076782
0.7709276676177979
0.7712336778640747
0.4625634253025055
0.8122081756591797
0.7868760824203491
0.46339139342308044
1.3233630657196045
0.8614186644554138
0.3929336667060852
0.5520774126052856
0.7602221965789795
0.0812973827123642
0.5535499453544617
0.6375383
0.051152904
3.0725842
0.0
0.20770880579948425
0.2906593084335327
0.30429545044898987
0.470669686794281
0.3411448299884796
0.7726640701293945
0.7718773484230042
0.46259427070617676
0.8136467337608337
0.7880007028579712
0.46375957131385803
1.3203479051589966
0.8621158599853516
0.3939336836338043
0.5565616488456726
0.7593168020248413
0.0816672071814537
0.5490818023681641
0.6393946
0.050899737
3.0731902
0.0
0.20611277222633362
0.28876250982284546
0.30523279309272766
0.47245147824287415
0.34229758381843567
0.7745397090911865
0.7724781632423401
0.4625714421272278
0.8161748647689819
0.7884059548377991
0.4634841978549957
1.3149574995040894
0.862851619720459
0.395489901304245
0.5607402920722961
0.7590359449386597
0.0821966826915741
0.5421208143234253
0.6412652
0.050572347
3.0738935
0.0
0.2049943208694458
0.2872476279735565
0.3063664734363556
0.47416430711746216
0.3433837592601776
0.7763273119926453
0.7730066776275635
0.462523490190506
0.8174864649772644
0.7889682054519653
0.46354979276657104
1.305540919303894
0.8635144829750061
0.3978627920150757
0.5645357966423035
0.7584784030914307
0.08228955417871475
0.5323212742805481
0.64181364
0.050489906
3.074081
0.0
0.2044316679239273
0.28615012764930725
0.3076589107513428
0.4760853052139282
0.344605028629303
0.778167188167572
0.7730259895324707
0.46216481924057007
0.8180031776428223
0.7894219160079956
0.4637131989002228
1.3005123138427734
0.8645515441894531
0.39948391914367676
0.5680547952651978
0.7571306824684143
0.08212332427501678
0.5277557373046875
0.6422074
0.05039523
3.0742624
0.0
0.20405609905719757
0.28538766503334045
0.3086931109428406
0.47761183977127075
0.34556901454925537
0.7794020771980286
0.77320396900177
0.46202123165130615
0.8185278177261353
0.789706289768219
0.46377503871917725
1.2987514734268188
0.8649948835372925
0.40009844303131104
0.570651650428772
0.7559983134269714
0.08204335719347
0.5258223414421082
0.6424971
0.050323416
3.0743988
0.0
0.20376911759376526
0.28462618589401245
0.3098229169845581
0.47901904582977295
0.3464389741420746
0.7798057198524475
0.773449718952179
0.4620873034000397
0.8190228939056396
0.7900462746620178
0.46387603878974915
1.2982940673828125
0.8652899861335754
0.40034228563308716
0.5730983018875122
0.7541342377662659
0.08222498744726181
0.5249359607696533
0.6427319
0.050294455
3.07447
0.0
0.2034507542848587
0.2839769721031189
0.3109409809112549
0.48015543818473816
0.34711313247680664
0.7801077961921692
0.7736826539039612
0.46216684579849243
0.8190598487854004
0.7902673482894897
0.46399977803230286
1.2982714176177979
0.8653228282928467
0.4003620147705078
0.5753197073936462
0.7524340152740479
0.08217708021402359
0.5247189998626709
0.64293367
0.050282296
3.0745144
0.0
0.20320753753185272
0.2835392653942108
0.3118370473384857
0.48113200068473816
0.34769874811172485
0.780394434928894
0.7739171981811523
0.46224984526634216
0.8190906047821045
0.7904500365257263
0.46410179138183594
1.2985132932662964
0.8654496073722839
0.4003693759441376
0.5771405100822449
0.751095175743103
0.08211532980203629
0.5248888731002808
0.64308745
0.050260082
3.0745654
0.0
0.20297585427761078
0.2830577790737152
0.31287357211112976
0.4822177588939667
0.34835726022720337
0.7804219126701355
0.7740718722343445
0.4623369872570038
0.8190844655036926
0.7906368374824524
0.46421414613723755
1.2989156246185303
0.8656301498413086
0.4003562033176422
0.5791881084442139
0.7491745948791504
0.08214367181062698
0.5252922177314758
0.6432554
0.05027856
3.0745642
0.0
0.2028406858444214
0.28278040885925293
0.3135438859462738
0.48281776905059814
0.3487127721309662
0.7803962230682373
0.7741954326629639
0.46241700649261475
0.8192715644836426
0.7907280325889587
0.4642309248447418
1.300679087638855
0.8658185005187988
0.4000474810600281
0.5803585648536682
0.7480173110961914
0.08224458247423172
0.5268930792808533
0.64353615
0.05000543
3.0749667
0.0
0.20276552438735962
0.2826930284500122
0.3136010766029358
0.48297080397605896
0.348818302154541
0.7803542017936707
0.7743222117424011
0.4625014364719391
0.8195037245750427
0.7907885313034058
0.464219868183136
1.3035809993743896
0.8657119274139404
0.3993625044822693
0.5805384516716003
0.747902512550354
0.08235261589288712
0.5292641520500183
