0.5954762
0.052821703
3.063714
0.0
0.2505287528038025
0.3074897825717926
0.30198949575424194
0.45708972215652466
0.3312358260154724
0.7682214975357056
0.8181189298629761
0.4915333092212677
0.811774730682373
0.8396755456924438
0.4945945739746094
0.9914370179176331
0.8962430953979492
0.4872450828552246
0.5186084508895874
0.8140403628349304
0.09069177508354187
0.26463615894317627
0.5922043
0.054284006
3.060999
0.0
0.2508648633956909
0.3067174553871155
0.2992382049560547
0.4548417329788208
0.32992857694625854
0.763888418674469
0.8177249431610107
0.49221089482307434
0.8065943121910095
0.8396868109703064
0.4957228899002075
0.9900872111320496
0.8968409299850464
0.487894207239151
0.5132151246070862
0.8142841458320618
0.08989524841308594
0.26699474453926086
0.5898083
0.055345997
3.0590014
0.0
0.25091552734375
0.305838942527771
0.29730159044265747
0.45286503434181213
0.3287280201911926
0.7602894902229309
0.8173149228096008
0.492725133895874
0.8007243871688843
0.8389308452606201
0.496543288230896
0.9883895516395569
0.8973677158355713
0.48858192563056946
0.5088650584220886
0.8141884207725525
0.08809457719326019
0.26987382769584656
0.5878922
0.05618991
3.0573983
0.0
0.25111064314842224
0.30633899569511414
0.29588520526885986
0.45107513666152954
0.3276006877422333
0.7557432055473328
0.8174685835838318
0.493787944316864
0.7958958148956299
0.8380367159843445
0.49705377221107483
0.9858847260475159
0.8977156281471252
0.4893685281276703
0.5051144957542419
0.812977135181427
0.08695036917924881
0.2716001570224762
0.5862901
0.056868944
3.0560884
0.0
0.251564085483551
0.3063536286354065
0.2947535216808319
0.4492434859275818
0.32640472054481506
0.7518219351768494
0.815628707408905
0.49350228905677795
0.7910543084144592
0.83778315782547
0.4979519248008728
0.9830284118652344
0.8980262875556946
0.49020639061927795
0.5013743042945862
0.8101620674133301
0.08668020367622375
0.2726849615573883
0.5848461
0.057447292
3.0549514
0.0
0.2526613175868988
0.3063301146030426
0.2936466336250305
0.44772422313690186
0.3254307210445404
0.7476577758789062
0.8148723244667053
0.4939257502555847
0.7868987321853638
0.8364048600196838
0.4980244040489197
0.9798576831817627
0.8981998562812805
0.49105244874954224
0.4974426329135895
0.8078554272651672
0.08587158471345901
0.27366170287132263
0.5834246
0.058017764
3.0538242
0.0
0.25311392545700073
0.3058367669582367
0.2929621636867523
0.4464901089668274
0.32460981607437134
0.7434269189834595
0.8151059150695801
0.4949725270271301
0.783063530921936
0.8356635570526123
0.4984110891819
0.976366400718689
0.897861123085022
0.49168848991394043
0.49486449360847473
0.8057510852813721
0.08519411087036133
0.2734434902667999
0.5822011
0.05858844
3.0527284
0.0
0.25301679968833923
0.30613791942596436
0.29237937927246094
0.445346474647522
0.3238457143306732
0.7397125363349915
0.8148653507232666
0.49561676383018494
0.7796598076820374
0.8358762264251709
0.499278724193573
0.9735446572303772
0.8976566791534424
0.49222779273986816
0.49298804998397827
0.8034999370574951
0.08518920093774796
0.27300259470939636
0.58107096
0.059112817
3.0517156
0.0
0.25289320945739746
0.3062354028224945
0.29178547859191895
0.4443507194519043
0.32318779826164246
0.7355896234512329
0.8145459294319153
0.49629950523376465
0.7755694389343262
0.8359810709953308
0.5002308487892151
0.9711019992828369
0.8975845575332642
0.49275171756744385
0.4913768172264099
0.8006315231323242
0.0849977508187294
0.27341434359550476
0.58008397
0.059644613
3.0507152
0.0
0.2524578273296356
0.30620911717414856
0.2912624776363373
0.44356319308280945
0.3226742744445801
0.731855571269989
0.8148142695426941
0.4972613751888275
0.7717981934547424
0.8362139463424683
0.5011913776397705
0.9687593579292297
0.8974637985229492
0.4932391047477722
0.49026259779930115
0.7984544634819031
0.08464103937149048
0.2736217677593231
0.57921344
0.060111668
3.0498326
0.0
0.25212928652763367
0.3062247335910797
0.29077470302581787
0.44301703572273254
0.32234442234039307
0.7278177738189697
0.8150774240493774
0.4982852637767792
0.7690764665603638
0.8366936445236206
0.5020716190338135
0.9662448167800903
0.8972845077514648
0.49372732639312744
0.4894181191921234
0.7957041263580322
0.08509808778762817
0.2728608548641205
0.57847214
0.06050793
3.0490808
0.0
0.2517615556716919
0.30548757314682007
0.29045331478118896
0.4423602819442749
0.32190877199172974
0.724777340888977
0.8154555559158325
0.49916717410087585
0.7657903432846069
0.8374189734458923
0.5032269358634949
0.9627566933631897
0.8971024751663208
0.4944417476654053
0.4884716868400574
0.7940124273300171
0.0849134549498558
0.27156972885131836
0.5776253
0.06089211
3.048324
0.0
0.25161436200141907
0.30539757013320923
0.2902459502220154
0.4417091906070709
0.32145893573760986
0.7223563194274902
0.8158893585205078
0.4999469518661499
0.7625223398208618
0.8379496932029724
0.5042599439620972
0.9590760469436646
0.8971219658851624
0.4953083395957947
0.48750537633895874
0.7928879261016846
0.08433661609888077
0.2703596353530884
0.5768859
0.061226103
3.0476632
0.0
0.2513602077960968
0.3048068881034851
0.29002490639686584
0.4408668279647827
0.3208787143230438
0.7198131084442139
0.8164929151535034
0.5008559823036194
0.7595862746238708
0.838481068611145
0.505222499370575
0.9550807476043701
0.8972319960594177
0.4963010251522064
0.4863433539867401
0.7920210957527161
0.08390601724386215
0.26876023411750793
0.5762106
0.061584838
3.046976
0.0
0.25137293338775635
0.30429086089134216
0.2898086905479431
0.44002702832221985
0.32029956579208374
0.7176657915115356
0.8170687556266785
0.5016618371009827
0.7578548789024353
0.8389707207679749
0.5058944821357727
0.9507716298103333
0.8974157571792603
0.49739617109298706
0.48506566882133484
0.7915241122245789
0.08390672504901886
0.266279011964798
0.5746322
0.06364596
3.0434844
0.0
0.2515149712562561
0.3041453957557678
0.2894643247127533
0.4389854967594147
0.3195820450782776
0.7140610814094543
0.8176316022872925
0.5027746558189392
0.7556434273719788
0.8396032452583313
0.506761908531189
0.949819803237915
0.8975329399108887
0.49768078327178955
0.48318713903427124
0.7898833751678467
0.08439603447914124
0.26649388670921326
0.5736559
0.06456763
3.041857
0.0
0.2515406012535095
0.3047615885734558
0.2890775501728058
0.43776649236679077
0.31874147057533264
0.7115219831466675
0.8181920051574707
0.5036593675613403
0.7556174397468567
0.8397634029388428
0.5068617463111877
0.9471291303634644
0.8976959586143494
0.4983876347541809
0.48140251636505127
0.7895025610923767
0.08535785973072052
0.2644321322441101
0.57302564
0.06506661
3.0409513
0.0
0.251250684261322
0.3048781752586365
0.2887277603149414
0.43673333525657654
0.31802743673324585
0.7095131278038025
0.818754255771637
0.5044329166412354
0.7536481618881226
0.840432345867157
0.5076993703842163
0.9431995749473572
0.8977441787719727
0.49932143092155457
0.4800527095794678
0.7894346117973328
0.08529631793498993
0.26219385862350464
0.5725206
0.06539549
3.040333
0.0
0.2509520351886749
0.3050754964351654
0.2884580194950104
0.4356515407562256
0.31727075576782227
0.7091293931007385
0.8190194368362427
0.5046770572662354
0.7518790364265442
0.8412485122680664
0.5085813999176025
0.9385801553726196
0.8979694843292236
0.5005195736885071
0.47887498140335083
0.790624737739563
0.08481993526220322
0.25940123200416565
0.5718962
0.06569661
3.03973
0.0
0.25043952465057373
0.3050720989704132
0.2881718575954437
0.4346133768558502
0.3165450990200043
0.7090167999267578
0.8191056251525879
0.5047540664672852
0.7508074641227722
0.8417972326278687
0.5091491937637329
0.9348993301391602
0.89815354347229
0.5014726519584656
0.47787654399871826
0.7918893694877625
0.08454368263483047
0.25706911087036133
0.56976664
0.066274494
3.0383587
0.0
0.2492351233959198
0.3032399117946625
0.28692513704299927
0.43028926849365234
0.31351372599601746
0.707184374332428
0.8196760416030884
0.5055000185966492
0.7689852118492126
0.8495609164237976
0.5096657276153564
0.9254549145698547
0.9000011086463928
0.5047298073768616
0.4735681712627411
0.7960110306739807
0.10168609023094177
0.2387152761220932
0.56940335
0.06635177
3.0381567
0.0
0.24877244234085083
0.30313849449157715
0.2865504324436188
0.42909327149391174
0.312685489654541
0.7075411081314087
0.8198817372322083
0.5055503249168396
0.8034835457801819
0.8640581369400024
0.5104546546936035
0.9256202578544617
0.9001946449279785
0.5047942399978638
0.47231748700141907
0.7980992197990417
0.14048254489898682
0.22073794901371002
0.56910944
0.06645169
3.037935
0.0
0.24852249026298523
0.30254390835762024
0.28628820180892944
0.42836132645606995
0.31217896938323975
0.7143744230270386
0.8225445747375488
0.5056985020637512
0.8250644207000732
0.8721974492073059
0.5103693604469299
0.9282625913619995
0.9013393521308899
0.5047815442085266
0.47145533561706543
0.8085054159164429
0.1587924361228943
0.21520133316516876
0.5688051
0.06655907
3.037699
0.0
0.24826040863990784
0.3019532263278961
0.28628501296043396
0.4280080497264862
0.3119238615036011
0.724249005317688
0.8256838917732239
0.5054681301116943
0.8340001702308655
0.8753327131271362
0.510188639163971
0.93259596824646
0.9031098484992981
0.5047110319137573
0.4711259603500366
0.8218104243278503
0.1585838496685028
0.21507038176059723
0.5685657
0.0666817
3.037454
0.0
0.24798905849456787
0.3019634485244751
0.28608253598213196
0.4270566701889038
0.3112500011920929
0.7422308325767517
0.8333405256271362
0.506160318851471
0.820635974407196
0.867932140827179
0.5088716745376587
0.9387801289558411
0.9054650068283081
0.5045185089111328
0.470075786113739
0.8485020995140076
0.12099119275808334
0.22238488495349884
0.56817657
0.06688044
3.037056
0.0
0.24785643815994263
0.3018084764480591
0.2861332297325134
0.42684465646743774
0.31108978390693665
0.7498135566711426
0.8361591696739197
0.5062112212181091
0.8171877264976501
0.8656678199768066
0.5083480477333069
0.9425615668296814
0.9067620635032654
0.5043105483055115
0.4699411392211914
0.8590303659439087
0.10963134467601776
0.22638218104839325
0.56773365
0.06709159
3.0366256
0.0
0.24757006764411926
0.3014320731163025
0.28617313504219055
0.4266737401485443
0.3109622001647949
0.7489898204803467
0.8355187177658081
0.5060067772865295
0.8143430352210999
0.8636465072631836
0.5078255534172058
0.9459629654884338
0.9075523614883423
0.50393146276474
0.4696013033390045
0.8577068448066711
0.1071140319108963
0.23006781935691833
0.5672339
0.067220174
3.0363102
0.0
0.2472561001777649
0.301404744386673
0.2862073481082916
0.42658156156539917
0.3108910918235779
0.7476514577865601
0.8338747024536133
0.5053094029426575
0.8037274479866028
0.8596334457397461
0.5078469514846802
0.9480553865432739
0.9077438712120056
0.5035407543182373
0.4692898392677307
0.854789674282074
0.09907980263233185
0.23688308894634247
0.5666884
0.067363486
3.0359604
0.0
0.24694710969924927
0.30174410343170166
0.286236047744751
0.4264536201953888
0.31079715490341187
0.7463897466659546
0.8321884870529175
0.5045701265335083
0.7948362231254578
0.8553181290626526
0.5072879195213318
0.9498586058616638
0.9078122973442078
0.5031514167785645
0.46890997886657715
0.851944088935852
0.09260907769203186
0.24376839399337769
0.56617796
0.06755976
3.0355353
0.0
0.24654395878314972
0.3019387722015381
0.2862812280654907
0.4263368844985962
0.31071043014526367
0.7430117130279541
0.8293936848640442
0.5036094784736633
0.7927117943763733
0.8522549867630005
0.5059583187103271
0.9499985575675964
0.9076921939849854
0.5030527710914612
0.4686844050884247
0.8458609580993652
0.09269154071807861
0.24618297815322876
0.56567305
0.06777973
3.0350738
0.0
0.2461448311805725
0.30236881971359253
0.286297470331192
0.42623552680015564
0.3106376826763153
0.7392241954803467
0.8264548182487488
0.5026500821113586
0.786167323589325
0.8488261699676514
0.5053786039352417
0.950002908706665
0.907457172870636
0.5029211044311523
0.46845370531082153
0.8392168879508972
0.09031718969345093
0.2508934438228607
0.56523985
0.06792974
3.0347376
0.0
0.24594587087631226
0.303148478269577
0.28626328706741333
0.426191121339798
0.31061115860939026
0.7377957701683044
0.8241943120956421
0.5015931725502014
0.7800196409225464
0.8462978601455688
0.505239725112915
0.9498381614685059
0.9069538712501526
0.5026810169219971
0.4682956635951996
0.8356123566627502
0.08731543272733688
0.2548946142196655
0.5645634
0.06811025
3.0342958
0.0
0.2456367313861847
0.303948312997818
0.2862675189971924
0.4261837899684906
0.3106096088886261
0.7354762554168701
0.8217288851737976
0.5005964636802673
0.7763816118240356
0.8435160517692566
0.5043886303901672
0.9489915370941162
0.9061623811721802
0.5024364590644836
0.4681066572666168
0.8308424353599548
0.08603890985250473
0.2571541965007782
0.56385714
0.068327315
3.0337884
0.0
0.245249405503273
0.3047911822795868
0.2863010764122009
0.4261787235736847
0.3106047213077545
0.732876181602478
0.8197061419487
0.4999290406703949
0.7729431986808777
0.8411120772361755
0.5037127137184143
0.9481704831123352
0.9052619338035583
0.5021106004714966
0.4678696095943451
0.8262110352516174
0.08499564230442047
0.259084552526474
0.56338906
0.06852777
3.0333624
0.0
0.24488162994384766
0.30508124828338623
0.28623732924461365
0.4260352551937103
0.3105161786079407
0.7308393120765686
0.8179432153701782
0.49929478764533997
0.7699429988861084
0.8395674228668213
0.5034539103507996
0.9473745226860046
0.9042180776596069
0.5017054677009583
0.4675513803958893
0.8226422667503357
0.08428282290697098
0.2602469027042389
0.56301695
0.068719454
3.032972
0.0
0.24435889720916748
0.3056579530239105
0.28600797057151794
0.4256525933742523
0.31027498841285706
0.7293296456336975
0.816118597984314
0.4985084533691406
0.7672916650772095
0.8379008769989014
0.5030427575111389
0.9460100531578064
0.902823805809021
0.50123131275177
0.4667716920375824
0.8199529051780701
0.08350393176078796
0.2605626583099365
0.56297815
0.068739384
3.0329316
0.0
0.24401719868183136
0.3059745132923126
0.2856079638004303
0.42523708939552307
0.3100281357765198
0.7279492020606995
0.8145304322242737
0.4978363513946533
0.7650390267372131
0.8364978432655334
0.5027010440826416
0.9444063901901245
0.9014028310775757
0.5008037090301514
0.4655625522136688
0.8178379535675049
0.08291731774806976
0.2603256404399872
0.5629107
0.068771236
3.0328653
0.0
0.24347138404846191
0.30621880292892456
0.28505635261535645
0.42459240555763245
0.30962619185447693
0.7268300652503967
0.812845766544342
0.49704664945602417
0.7631728053092957
0.8355174660682678
0.5025261044502258
0.9432815313339233
0.9001666903495789
0.5003603100776672
0.46381527185440063
0.8162772059440613
0.08266288042068481
0.26011577248573303
0.5628287
0.06880348
3.032795
0.0
0.24313464760780334
0.30626922845840454
0.2845272421836853
0.4240913391113281
0.3093373477458954
0.72528076171875
0.8108252882957458
0.4961410164833069
0.761989176273346
0.8343797326087952
0.5021061301231384
0.9415485262870789
0.898729145526886
0.49996286630630493
0.46221843361854553
0.8137949705123901
0.08298637717962265
0.25905662775039673
0.56272286
0.06884277
3.032708
0.0
0.2429957240819931
0.30628108978271484
0.28404057025909424
0.42356523871421814
0.3090260624885559
0.7237481474876404
0.8092755079269409
0.49552175402641296
0.7606521248817444
0.8332360982894897
0.501714289188385
0.9394391775131226
0.8969897031784058
0.4994751214981079
0.46044209599494934
0.8117688298225403
0.08305609226226807
0.25758036971092224
0.56262565
0.06891097
3.0325773
0.0
0.24302345514297485
0.30652058124542236
0.28369560837745667
0.42309337854385376
0.3087329566478729
0.7224059104919434
0.8078553080558777
0.494939923286438
0.7592979073524475
0.8322802186012268
0.5014379620552063
0.937286913394928
0.8951799273490906
0.49895820021629333
0.4593331217765808
0.8098564743995667
0.08307620882987976
0.2559025287628174
0.5625113
0.06901062
3.0323927
0.0
0.2430620938539505
0.3063115179538727
0.28345081210136414
0.42291420698165894
0.3086393475532532
0.7210126519203186
0.8066977858543396
0.49452778697013855
0.7580943703651428
0.831276535987854
0.5010994672775269
0.9358149766921997
0.8939218521118164
0.4985877275466919
0.45870354771614075
0.8077542781829834
0.0830647200345993
0.2550777494907379
0.5621799
0.06928836
3.0318756
0.0
0.24294492602348328
0.3061836063861847
0.2832418978214264
0.422671914100647
0.30848804116249084
0.718935489654541
0.8054290413856506
0.4941904842853546
0.7573015689849854
0.8303937911987305
0.5007420182228088
0.9341084361076355
0.8922407627105713
0.49802452325820923
0.4582204520702362
0.8048984408378601
0.08367027342319489
0.25343412160873413
0.5620906
0.06935422
3.0317502
0.0
0.24283044040203094
0.30602043867111206
0.28318536281585693
0.4226280152797699
0.3084634840488434
0.7183389663696289
0.8050476312637329
0.49408239126205444
0.760280966758728
0.83057701587677
0.5001956820487976
0.9335099458694458
0.8916966319084167
0.49785494804382324
0.45811939239501953
0.804035484790802
0.08586394041776657
0.25082117319107056
0.5612724
0.06987503
3.03073
0.0
0.24238035082817078
0.30584192276000977
0.2832081913948059
0.4225703179836273
0.3084167540073395
0.7217943668365479
0.8070811033248901
0.4945865571498871
0.7917627692222595
0.840449869632721
0.49908411502838135
0.9337884783744812
0.8908326029777527
0.4972960948944092
0.45801639556884766
0.809583842754364
0.11068587750196457
0.22978614270687103
0.5612362
0.069881506
3.030711
0.0
0.2423197627067566
0.3059472143650055
0.2832239866256714
0.42257556319236755
0.30842068791389465
0.7266424894332886
0.8093435168266296
0.4949311316013336
0.7908193469047546
0.8401076793670654
0.4990994334220886
0.9338736534118652
0.890755832195282
0.49723199009895325
0.4580214023590088
0.8166385889053345
0.104896180331707
0.23030215501785278
0.5610631
0.06991102
3.030622
0.0
0.242223858833313
0.3062717914581299
0.2835405468940735
0.4227250814437866
0.3084935247898102
0.7270106077194214
0.8099016547203064
0.4952029883861542
0.7904707789421082
0.8399897813796997
0.4991178512573242
0.933911144733429
0.8906273245811462
0.49715039134025574
0.45845189690589905
0.8170713782310486
0.10397850722074509
0.23042379319667816
0.5609142
0.06993637
3.0305455
0.0
0.2420612871646881
0.30660513043403625
0.28383761644363403
0.4229082465171814
0.30859264731407166
0.7268924117088318
0.8099865317344666
0.4952833950519562
0.7868375778198242
0.8389550447463989
0.4993215501308441
0.9339162707328796
0.8904925584793091
0.49707314372062683
0.45896798372268677
0.8165473937988281
0.10069245100021362
0.2323753535747528
0.5608206
0.06995229
3.0304976
0.0
0.24194040894508362
0.3068966567516327
0.28400975465774536
0.42293816804885864
0.3085918724536896
0.7269110679626465
0.8100839257240295
0.4953404664993286
0.7834740877151489
0.8383870124816895
0.4997347891330719
0.9338000416755676
0.8902525305747986
0.49696215987205505
0.45922568440437317
0.8164485096931458
0.09791362285614014
0.23391346633434296
0.5606805
0.0699821
3.030416
0.0
0.2418433576822281
0.30726462602615356
0.2841449975967407
0.4228542149066925
0.3085162937641144
0.7262821793556213
0.8103041052818298
0.4956134855747223
0.7797202467918396
0.8375034332275391
0.5000502467155457
0.9333964586257935
0.8897162675857544
0.4967500865459442
0.45932236313819885
0.8159704804420471
0.09507081657648087
0.23543916642665863
0.5605644
0.07000678
3.0303485
0.0
0.24176819622516632
0.30787456035614014
0.2842457592487335
0.4227820336818695
0.30844858288764954
0.7250169515609741
0.8106531500816345
0.4961017072200775
0.7755028605461121
0.837181031703949
0.5007992386817932
0.933039665222168
0.8892881274223328
0.49659034609794617
0.45938313007354736
0.815010666847229
0.09267093241214752
0.23708975315093994
0.56042963
0.07006391
3.0302253
0.0
0.2416115552186966
0.3082808554172516
0.28448477387428284
0.42271173000335693
0.30836471915245056
0.7239946722984314
0.8109363317489624
0.4964959919452667
0.7711164951324463
0.8369461297988892
0.501630961894989
0.9325165152549744
0.8888343572616577
0.49645182490348816
0.4596531391143799
0.8140813708305359
0.0901961699128151
0.23868149518966675
0.56029767
0.07011981
3.0301044
0.0
0.24130943417549133
0.3088502287864685
0.2847329378128052
0.42266130447387695
0.30829381942749023
0.7222921252250671
0.8113619089126587
0.4971221387386322
0.7674639225006104
0.8368703722953796
0.5023968815803528
0.9317296147346497
0.8884809017181396
0.49642956256866455
0.4600309133529663
0.8125935196876526
0.08861403167247772
0.2397666871547699
0.560135
0.07022226
3.0299025
0.0
0.24106888473033905
0.30920475721359253
0.28491154313087463
0.42264777421951294
0.3082592487335205
0.7204247713088989
0.8120018243789673
0.49791446328163147
0.7646384239196777
0.836991012096405
0.5030971765518188
0.930767297744751
0.8882051110267639
0.49649375677108765
0.4603222906589508
0.8111985921859741
0.0876435860991478
0.24025288224220276
0.5599776
0.07032133
3.0297067
0.0
0.24090105295181274
0.30942052602767944
0.2849997580051422
0.42259344458580017
0.3082083761692047
0.7187411785125732
0.8126798868179321
0.4986915588378906
0.761728823184967
0.837470293045044
0.5040347576141357
0.9295843243598938
0.8879554867744446
0.4966229796409607
0.46038389205932617
0.8101631999015808
0.08673182874917984
0.24047522246837616
0.5596495
0.07043599
3.0294442
0.0
0.24033276736736298
0.31034624576568604
0.28503429889678955
0.42256030440330505
0.3081789016723633
0.7170525193214417
0.8134506940841675
0.4995271563529968
0.7595981955528259
0.8378644585609436
0.5047447085380554
0.928163468837738
0.8879497051239014
0.49693039059638977
0.4602338671684265
0.8092495799064636
0.08618583530187607
0.24031123518943787
0.5593257
0.070566475
3.0291572
0.0
0.23952235281467438
0.3112046420574188
0.2850436270236969
0.4225328266620636
0.30815884470939636
0.7153213620185852
0.8144619464874268
0.5005203485488892
0.7571583986282349
0.8385754227638245
0.5057165622711182
0.9267908334732056
0.8879976868629456
0.49726760387420654
0.45993101596832275
0.8085601925849915
0.08554642647504807
0.24021655321121216
0.559164
0.070627175
3.029021
0.0
0.23915399610996246
0.31201377511024475
0.2850521206855774
0.4225212037563324
0.30814704298973083
0.7135253548622131
0.8154211044311523
0.5014937520027161
0.7541820406913757
0.8394911885261536
0.506933331489563
0.9256161451339722
0.8882125616073608
0.49764883518218994
0.45958930253982544
0.8077470064163208
0.08477629721164703
0.24054378271102905
0.5589818
0.070734814
3.028805
0.0
0.23908253014087677
0.3127096891403198
0.2851114571094513
0.4225267171859741
0.30814507603645325
0.7116385102272034
0.8164190053939819
0.5025122165679932
0.7512198090553284
0.8403485417366028
0.5081100463867188
0.9241723418235779
0.8885276913642883
0.49814555048942566
0.4594533145427704
0.8068042993545532
0.08403109759092331
0.24077560007572174
0.55887043
0.07081496
3.02865
0.0
0.23905660212039948
0.3132588863372803
0.2851690948009491
0.4225262701511383
0.3081360459327698
0.7095516324043274
0.817607581615448
0.5036934614181519
0.7484991550445557
0.8412647247314453
0.5092695355415344
0.9223648905754089
0.8890127539634705
0.4988288879394531
0.4592919945716858
0.8058600425720215
0.08346319198608398
0.240717351436615
0.55881584
0.07090165
3.028499
0.0
0.23929311335086823
0.3139585256576538
0.285172700881958
0.4225212037563324
0.3081338703632355
0.7077512145042419
0.8187368512153625
0.5047745108604431
0.7563349008560181
0.8460312485694885
0.5103346109390259
0.9199565649032593
0.8895994424819946
0.49970293045043945
0.4589099884033203
0.8052108287811279
0.09100515395402908
0.23305535316467285
0.5587768
0.07096548
3.0283878
0.0
0.2394009679555893
0.3144215941429138
0.2851729094982147
0.4225117564201355
0.3081256151199341
0.7069008350372314
0.8191603422164917
0.5052144527435303
0.7590338587760925
0.8490707874298096
0.5115525126457214
0.9196183085441589
0.8899902701377869
0.49999991059303284
0.458735853433609
0.8048118352890015
0.09492188692092896
0.23034940659999847
0.55878127
0.07101522
3.02831
0.0
0.23947611451148987
0.3148077726364136
0.2851271331310272
0.4224335253238678
0.30807217955589294
0.7084636092185974
0.8208058476448059
0.5058803558349609
0.7756567001342773
0.8563501238822937
0.5121470093727112
0.9194194078445435
0.8903526663780212
0.5002489686012268
0.4585403501987457
0.8081457614898682
0.10990773886442184
0.22037449479103088
0.558807
0.071068324
3.0282323
0.0
0.2395419478416443
0.3154681622982025
0.2850913107395172
0.42239993810653687
0.30805131793022156
0.709490954875946
0.8214626908302307
0.5060616135597229
0.7752718329429626
0.8565800786018372
0.5123798847198486
0.9199573397636414
0.8916096091270447
0.5008236765861511
0.45840367674827576
0.8098979592323303
0.1086045578122139
0.22134773433208466
0.55885065
0.07113973
3.0281298
0.0
0.23990795016288757
0.316275954246521
0.2850898206233978
0.4223894774913788
0.30804404616355896
0.716385543346405
0.8244128823280334
0.5063639879226685
0.7737429738044739
0.8562511801719666
0.5125378966331482
0.9199827313423157
0.892334520816803
0.5012175440788269
0.45813798904418945
0.8197259306907654
0.10072623938322067
0.2224373072385788
0.55896413
0.071201526
3.0280602
0.0
0.24016819894313812
0.3169989585876465
0.2850930094718933
0.422384113073349
0.3080395460128784
0.7167961001396179
0.8250918388366699
0.5066922903060913
0.7736038565635681
0.8560003042221069
0.5124271512031555
0.9198241233825684
0.8926223516464233
0.5014126300811768
0.457959920167923
0.8208111524581909
0.09976676851511002
0.22264768183231354
0.55911905
0.07126022
3.0280058
0.0
0.24035130441188812
0.3180340826511383
0.28509873151779175
0.4223760962486267
0.30803266167640686
0.7167023420333862
0.8251652717590332
0.5067578554153442
0.7715299725532532
0.8555970191955566
0.5126643180847168
0.9197502732276917
0.8927966356277466
0.5015263557434082
0.45800021290779114
0.8207944631576538
0.09806837141513824
0.22370631992816925
0.55896074
0.071398064
3.0277476
0.0
0.2406008243560791
0.3190150558948517
0.2852667570114136
0.42234745621681213
0.30799177289009094
0.7166793942451477
0.8251563310623169
0.5067572593688965
0.7680981755256653
0.854829728603363
0.512985348701477
0.9194391965866089
0.8930385708808899
0.5017332434654236
0.45817989110946655
0.8206198215484619
0.09528343379497528
0.2253892570734024
0.55882466
0.071531996
3.0275009
0.0
0.2407793551683426
0.32012495398521423
0.28562214970588684
0.42244574427604675
0.30801889300346375
0.7166503667831421
0.825054407119751
0.5067011117935181
0.7658470869064331
0.8542374968528748
0.5131425261497498
0.9190062880516052
0.8933250904083252
0.5019908547401428
0.45874014496803284
0.8200243711471558
0.09352560341358185
0.22647245228290558
0.55870205
0.07165264
3.0272787
0.0
0.24087506532669067
0.3204047977924347
0.2857570946216583
0.4224444329738617
0.30799904465675354
0.7162922024726868
0.8246726989746094
0.5065451264381409
0.7638472318649292
0.8533268570899963
0.5130506157875061
0.9186540246009827
0.8936105370521545
0.5022313594818115
0.45885011553764343
0.8191441297531128
0.09211015701293945
0.22766892611980438
0.55862707
0.07180684
3.027015
0.0
0.24091604351997375
0.3204698860645294
0.28591033816337585
0.4223778545856476
0.3079296350479126
0.7152189016342163
0.8248075842857361
0.5068575739860535
0.7636649012565613
0.8531830906867981
0.5130023956298828
0.9183659553527832
0.893820583820343
0.5024148225784302
0.4589460492134094
0.8181247711181641
0.09240712225437164
0.22773703932762146
0.5585663
0.07193536
3.0267956
0.0
0.24098622798919678
0.3206949830055237
0.28602084517478943
0.4223611354827881
0.30790308117866516
0.7147483229637146
0.8245029449462891
0.5067705512046814
0.7633438110351562
0.8531898260116577
0.5130786299705505
0.9182189702987671
0.8939472436904907
0.502518892288208
0.4590259790420532
0.8172600269317627
0.09263034909963608
0.22783654928207397
0.5585053
0.07206429
3.0265756
0.0
0.2410499006509781
0.32098981738090515
0.2860580384731293
0.42240169644355774
0.3079254925251007
0.7146551012992859
0.824253499507904
0.5066377520561218
0.7618139982223511
0.8526235818862915
0.5130860209465027
0.9181365370750427
0.8940738439559937
0.5026061534881592
0.45907291769981384
0.8168386816978455
0.09152378141880035
0.22876621782779694
0.5584476
0.07218602
3.0263677
0.0
0.24110732972621918
0.3212105929851532
0.28605741262435913
0.4224219024181366
0.3079410195350647
0.7145983576774597
0.8240517377853394
0.5065261125564575
0.7604366540908813
0.8517978191375732
0.5129024386405945
0.9180639386177063
0.8941695690155029
0.5026760697364807
0.4590279757976532
0.816563069820404
0.09032247215509415
0.22977043688297272
0.55838346
0.07229964
3.026171
0.0
0.2412034124135971
0.3219794034957886
0.2860335409641266
0.42245301604270935
0.3079663813114166
0.7142651081085205
0.823470413684845
0.5062408447265625
0.7594677805900574
0.8511295318603516
0.5127221345901489
0.9183485507965088
0.8945870399475098
0.5028387308120728
0.4587467610836029
0.8156522512435913
0.08981619775295258
0.23093657195568085
0.5582744
0.07248997
3.0258408
0.0
0.2411227971315384
0.3229734003543854
0.2859562039375305
0.42251670360565186
0.3080245852470398
0.7140076756477356
0.8224923014640808
0.5056954026222229
0.7585822939872742
0.850373387336731
0.5124679803848267
0.9197125434875488
0.8952937722206116
0.5029188394546509
0.4583713412284851
0.8144485950469971
0.08947398513555527
0.2330060452222824
0.55813783
0.07270281
3.0254679
0.0
0.24103766679763794
0.32380542159080505
0.28583869338035583
0.42263078689575195
0.3081258237361908
0.7137701511383057
0.8215832710266113
0.5051886439323425
0.7573851943016052
0.8491044640541077
0.511975109577179
0.9222397804260254
0.8964739441871643
0.5029786825180054
0.4579645097255707
0.8133215308189392
0.08860864490270615
0.23655039072036743
0.5579677
0.07294686
3.0250363
0.0
0.24071535468101501
0.32476601004600525
0.2856367528438568
0.42280179262161255
0.30827927589416504
0.7137719988822937
0.8208670020103455
0.5047510862350464
0.7559500932693481
0.8475877046585083
0.5113838315010071
0.9260236620903015
0.8977882266044617
0.5028185248374939
0.45749929547309875
0.8126611113548279
0.08726278692483902
0.24144010245800018
0.5579498
0.07307945
3.024821
0.0
0.24049349129199982
0.32514387369155884
0.2853493392467499
0.4230909049510956
0.30852532386779785
0.7130546569824219
0.8204426169395447
0.504647433757782
0.7547860145568848
0.8458902835845947
0.510623574256897
0.9271989464759827
0.8981094360351562
0.5027174949645996
0.4571262001991272
0.8115378618240356
0.08622252196073532
0.2439606934785843
0.55785745
0.07330459
3.0244396
0.0
0.240308478474617
0.32525208592414856
0.28524619340896606
0.42332923412323
0.3087151050567627
0.7124623656272888
0.8195970058441162
0.5042582154273987
0.7535948753356934
0.8449820280075073
0.5103426575660706
0.9274209141731262
0.8981043696403503
0.5026610493659973
0.4567902088165283
0.8099799156188965
0.08575962483882904
0.24522583186626434
0.5577064
0.073581584
3.02396
0.0
0.24016644060611725
0.32549411058425903
0.2851659059524536
0.42357945442199707
0.30890923738479614
0.7119804620742798
0.8183989524841309
0.5036266446113586
0.7524275779724121
0.8442312479019165
0.5101515054702759
0.9274317026138306
0.8980981707572937
0.5026551485061646
0.45639288425445557
0.8081541061401367
0.08550455421209335
0.24626123905181885
0.5574632
0.07409921
3.0230737
0.0
0.2400258332490921
0.3259566128253937
0.2851186692714691
0.42405760288238525
0.3092658519744873
0.7114987969398499
0.8174930810928345
0.5031747817993164
0.7521063089370728
0.8438353538513184
0.5099858641624451
0.9274047613143921
0.8980793356895447
0.5026493072509766
0.4562990069389343
0.8063650131225586
0.08577562868595123
0.24661502242088318
0.5572409
0.07462192
3.022184
0.0
0.23985803127288818
0.3261661231517792
0.28513073921203613
0.4245501458644867
0.3096299171447754
0.7110452651977539
0.8168314695358276
0.5028661489486694
0.7517525553703308
0.8435037732124329
0.5098667740821838
0.9272065758705139
0.8980051875114441
0.5026555061340332
0.4565081000328064
0.8047799468040466
0.08593897521495819
0.24678124487400055
0.55704194
0.07508811
3.0213895
0.0
0.2397526353597641
0.32662102580070496
0.28521761298179626
0.42515185475349426
0.31006407737731934
0.710704505443573
0.8162972331047058
0.5026116967201233
0.751289427280426
0.8431582450866699
0.5097623467445374
0.9268805384635925
0.8978548049926758
0.5026485919952393
0.4569329023361206
0.8032558560371399
0.08591535687446594
0.24688370525836945
0.55686086
0.075511366
3.0206678
0.0
0.2396288514137268
0.3269532024860382
0.28553202748298645
0.4259267747402191
0.310602605342865
0.7105686664581299
0.8157957792282104
0.5023365616798401
0.750968873500824
0.8428732752799988
0.5096617341041565
0.9265331029891968
0.8977529406547546
0.5026683807373047
0.45768898725509644
0.8015695214271545
0.08590216189622879
0.24687613546848297
0.5566951
0.075897925
3.0200078
0.0
0.23957033455371857
0.3270849585533142
0.2857446074485779
0.4264507293701172
0.31097212433815
0.710383415222168
0.8152210712432861
0.5020257830619812
0.7506070733070374
0.8424395322799683
0.5094819664955139
0.9261351227760315
0.8976162075996399
0.5026832222938538
0.4581924080848694
0.8001053333282471
0.08583822101354599
0.24690833687782288
0.5565765
0.07630342
3.0193303
0.0
0.23947863280773163
0.32728007435798645
0.2859521806240082
0.42694801092147827
0.3113142251968384
0.7102248072624207
0.8147668838500977
0.5017824172973633
0.7504184246063232
0.8421216607093811
0.5093344449996948
0.9255897402763367
0.8973033428192139
0.5026299953460693
0.4586609899997711
0.79881352186203
0.08586671948432922
0.24655714631080627
0.5565048
0.07666746
3.018731
0.0
0.23940600454807281
0.3273477256298065
0.28618496656417847
0.4274844527244568
0.3116806149482727
0.7100490927696228
0.8141924738883972
0.5014704465866089
0.7503147721290588
0.8419493436813354
0.5092542767524719
0.9247065186500549
0.8967032432556152
0.5025031566619873
0.45910748839378357
0.7973170280456543
0.0860929936170578
0.2456546276807785
0.5349977
0.0804363
3.0064058
0.0
0.22421622276306152
0.2947777211666107
0.2569349706172943
0.4389163553714752
0.3236752152442932
0.6798017024993896
0.7990661263465881
0.49855607748031616
0.7204587459564209
0.8245596885681152
0.5052160620689392
1.1829681396484375
0.9070414900779724
0.4469904899597168
0.4468111991882324
0.7714397311210632
0.08232434839010239
0.5118975043296814
0.53526634
0.07910402
3.008708
0.0
0.22324344515800476
0.290586918592453
0.25628232955932617
0.4400387704372406
0.3245765268802643
0.6793665885925293
0.8008882403373718
0.49977755546569824
0.7201105356216431
0.8271913528442383
0.5069095492362976
1.1984472274780273
0.9054138660430908
0.44253596663475037
0.449262410402298
0.7724000215530396
0.08286476135253906
0.5228214263916016
0.5359176
0.07715122
3.0121546
0.0
0.22272001206874847
0.2881492078304291
0.2557682693004608
0.44133883714675903
0.32559454441070557
0.679458498954773
0.8030721545219421
0.5011090040206909
0.7198735475540161
0.8296365141868591
0.508466362953186
1.2051862478256226
0.9043601751327515
0.4403983950614929
0.45180049538612366
0.773926317691803
0.0829022005200386
0.5261983871459961
0.536606
0.07571657
3.0147417
0.0
0.22246485948562622
0.28684762120246887
0.2553200125694275
0.44318318367004395
0.32701629400253296
0.6797479391098022
0.804929792881012
0.5021982789039612
0.7200351357460022
0.8318370580673218
0.5097821354866028
1.207080364227295
0.9038147330284119
0.43967077136039734
0.4542393684387207
0.774712860584259
0.08311570435762405
0.5253749489784241
0.5376717
0.07383208
3.0181742
0.0
0.2221907675266266
0.2850542366504669
0.25498348474502563
0.44742080569267273
0.3301740884780884
0.6802403926849365
0.8079017400741577
0.5039370059967041
0.7202175259590149
0.8349905014038086
0.511677086353302
1.2092264890670776
0.9037929177284241
0.4391537606716156
0.459642231464386
0.7742956280708313
0.08320898562669754
0.5244249105453491
0.5385341
0.07241609
3.020761
0.0
0.22220320999622345
0.28408950567245483
0.2549031376838684
0.4513053297996521
0.33303239941596985
0.680874764919281
0.8103885054588318
0.5053455233573914
0.7204893231391907
0.837699294090271
0.5132777690887451
1.2097172737121582
0.9037243127822876
0.4390178918838501
0.4646354615688324
0.7736018300056458
0.08330073207616806
0.5222008228302002
0.53879046
0.07193907
3.0216212
0.0
0.22252428531646729
0.28295189142227173
0.2547858655452728
0.45446863770484924
0.33535057306289673
0.680808961391449
0.8137731552124023
0.5074568390846252
0.7207816243171692
0.8395006656646729
0.5143167972564697
1.2115797996520996
0.9034308195114136
0.43844372034072876
0.46874338388442993
0.7738783359527588
0.08274658024311066
0.5217918753623962
0.5390681
0.07118829
3.0229397
0.0
0.222850039601326
0.2823937237262726
0.25460085272789
0.45799145102500916
0.3379424810409546
0.6812991499900818
0.8163167238235474
0.5089273452758789
0.7204968333244324
0.8416637778282166
0.5157082080841064
1.212425708770752
0.9032648205757141
0.4381657838821411
0.47346505522727966
0.7735618948936462
0.08226271718740463
0.520743727684021
0.5396224
0.07029994
3.0245576
0.0
0.22347943484783173
0.2821095287799835
0.25434941053390503
0.4609740972518921
0.34016093611717224
0.6819889545440674
0.8177032470703125
0.5096360445022583
0.7204197645187378
0.8434426188468933
0.5168160796165466
1.2135391235351562
0.9031559228897095
0.43784916400909424
0.47759705781936646
0.772919774055481
0.08216037601232529
0.5201463103294373
0.54038817
0.06783583
3.0288315
0.0
0.22410495579242706
0.28136733174324036
0.2544955313205719
0.46447834372520447
0.3426913917064667
0.6828693151473999
0.8193050622940063
0.5104339122772217
0.7211293578147888
0.8453271985054016
0.5178112387657166
1.2148804664611816
0.9034641981124878
0.4376646876335144
0.48277002573013306
0.7717346549034119
0.08233232796192169
0.5193580985069275
0.5411317
0.06461388
3.0343397
0.0
0.22505003213882446
0.280391126871109
0.2540459930896759
0.4668114185333252
0.34445449709892273
0.6840660572052002
0.8215227723121643
0.5115405917167664
0.7231443524360657
0.8480996489524841
0.5190586447715759
1.219132900238037
0.903384268283844
0.43663620948791504
0.48678046464920044
0.7732787728309631
0.08321544528007507
0.5189548134803772
0.5417753
0.062014844
3.038783
0.0
0.22586482763290405
0.2798765301704407
0.25387710332870483
0.4682535231113434
0.34552308917045593
0.6853549480438232
0.8231074810028076
0.5122361183166504
0.7247757315635681
0.8497134447097778
0.5196817517280579
1.2211767435073853
0.9036372900009155
0.43626877665519714
0.4896017909049988
0.7748636603355408
0.08355893939733505
0.518204391002655
0.5424858
0.05953395
3.043036
0.0
0.22651413083076477
0.2791062593460083
0.2538246512413025
0.4696197509765625
0.34651920199394226
0.6874984502792358
0.8249559998512268
0.5129088759422302
0.7264482975006104
0.8515583276748657
0.5204349160194397
1.2248643636703491
0.9043633341789246
0.43576082587242126
0.49241745471954346
0.7775055170059204
0.08351893723011017
0.5191873908042908
0.5443179
0.056871448
3.0478134
0.0
0.22658152878284454
0.27755558490753174
0.2539800703525543
0.4710524380207062
0.3475207984447479
0.6908601522445679
0.8268137574195862
0.5133190155029297
0.7290217280387878
0.853866696357727
0.521267831325531
1.2285689115524292
0.9048135876655579
0.4350733458995819
0.49587589502334595
0.7810863256454468
0.08362604677677155
0.5187570452690125
0.5458961
0.05446712
3.0520818
0.0
0.22742345929145813
0.2757561206817627
0.2544640302658081
0.47267594933509827
0.3486098647117615
0.6939108967781067
0.8284869194030762
0.5136805772781372
0.7313828468322754
0.8551679849624634
0.5215346813201904
1.2300986051559448
0.9059647917747498
0.43524330854415894
0.5001377463340759
0.7836163640022278
0.0833229348063469
0.5180201530456543
0.5472479
0.0523677
3.0557814
0.0
0.2281898856163025
0.27298954129219055
0.2550406754016876
0.4742089509963989
0.3496171832084656
0.696794331073761
0.8298558592796326
0.5138941407203674
0.7335011959075928
0.856354296207428
0.5217856764793396
1.2303509712219238
0.9064630270004272
0.43542662262916565
0.5045011043548584
0.785641074180603
0.08309057354927063
0.5158252120018005
0.54853964
0.05047307
3.059116
0.0
0.22939197719097137
0.27085062861442566
0.25613296031951904
0.47553175687789917
0.35041502118110657
0.6982015371322632
0.832065761089325
0.5149431228637695
0.7354439496994019
0.8574188351631165
0.5220015645027161
1.2303032875061035
0.9071304202079773
0.4357599914073944
0.5093144178390503
0.786728024482727
0.08299284428358078
0.5137786269187927
0.5495396
0.04903522
3.061638
0.0
0.23101989924907684
0.2684696316719055
0.25753238797187805
0.4767914116382599
0.35110992193222046
0.6993860006332397
0.8341286182403564
0.5159491896629333
0.7363574504852295
0.858512818813324
0.5224647521972656
1.2303284406661987
0.9076995253562927
0.4360293447971344
0.5135022401809692
0.7872039675712585
0.08257187902927399
0.5125824809074402
0.55075353
0.047341555
3.064602
0.0
0.23314642906188965
0.265070378780365
0.2593249976634979
0.4784400165081024
0.3520538806915283
0.7007156014442444
0.8366172313690186
0.5171816945075989
0.7385105490684509
0.8612595796585083
0.5236494541168213
1.2304058074951172
0.9095188975334167
0.436883807182312
0.5188124775886536
0.7874723672866821
0.08333153277635574
0.5100946426391602
0.5515399
0.046526473
3.066057
0.0
0.23390832543373108
0.2630949318408966
0.2596760094165802
0.4787578880786896
0.35222598910331726
0.7013829350471497
0.8379368185997009
0.5178426504135132
0.7390785813331604
0.8623716831207275
0.5241989493370056
1.231082797050476
0.9113114476203918
0.437570184469223
0.5204501152038574
0.7887712121009827
0.08329428732395172
0.5109294056892395
0.5531303
0.04471983
3.0692408
0.0
0.235389843583107
0.25960540771484375
0.2600478529930115
0.47914770245552063
0.3524411916732788
0.703159511089325
0.8413434624671936
0.5195383429527283
0.7416413426399231
0.8665387034416199
0.5261435508728027
1.233285665512085
0.9172797203063965
0.4399038553237915
0.5238275527954102
0.7931625843048096
0.08443915843963623
0.5126769542694092
0.5552378
0.042948104
3.0724268
0.0
0.2368500679731369
0.25784018635749817
0.2602746784687042
0.4792408049106598
0.35246744751930237
0.7046703100204468
0.8442666530609131
0.5209968090057373
0.7444981336593628
0.8702471256256104
0.5277358293533325
1.235143780708313
0.9210084080696106
0.44124114513397217
0.5256091356277466
0.7972409129142761
0.08588895946741104
0.5120904445648193
0.5571072
0.041172516
3.0755563
0.0
0.23776131868362427
0.25732943415641785
0.2604367733001709
0.4792555272579193
0.3524448275566101
0.7064326405525208
0.8478461503982544
0.5228052735328674
0.7458970546722412
0.8725348711013794
0.5288023352622986
1.2369173765182495
0.9235528111457825
0.44204050302505493
0.5266681909561157
0.802361249923706
0.08548571169376373
0.5128538012504578
0.55848026
0.039933164
3.0777357
0.0
0.23863284289836884
0.25643089413642883
0.2605496942996979
0.4792216718196869
0.3523959517478943
0.7087399959564209
0.8513447642326355
0.5244418382644653
0.7469952702522278
0.8746505379676819
0.5298328399658203
1.240273356437683
0.9272415637969971
0.4429630935192108
0.5272819399833679
0.8080330491065979
0.08470376580953598
0.5165642499923706
0.55962944
0.038888063
3.0795624
0.0
0.2393481731414795
0.25659793615341187
0.2606692910194397
0.4791490137577057
0.35231462121009827
0.710422158241272
0.8544256687164307
0.5259618163108826
0.7489119172096252
0.8772311806678772
0.5309524536132812
1.24509596824646
0.9303985238075256
0.443273663520813
0.5277075171470642
0.8126913905143738
0.08502793312072754
0.519976019859314
0.56060773
0.037992664
3.0811198
0.0
0.23997291922569275
0.2577541768550873
0.2608429193496704
0.4789685010910034
0.3521473705768585
0.7116726636886597
0.8570674657821655
0.52730792760849
0.7501949667930603
0.8794477581977844
0.5319984555244446
1.250709891319275
0.9331712126731873
0.4431930482387543
0.5280298590660095
0.816534161567688
0.0852249264717102
0.5246739387512207
0.5618321
0.036755763
3.0832443
0.0
0.24041464924812317
0.259539932012558
0.2612639367580414
0.4786182641983032
0.35182252526283264
0.713294267654419
0.8593693971633911
0.5283622145652771
0.7512616515159607
0.8817622661590576
0.5331519246101379
1.2539101839065552
0.9355235695838928
0.44353803992271423
0.528496503829956
0.8203033804893494
0.08536764979362488
0.5268127918243408
0.56323737
0.035296813
3.0857313
0.0
0.24097348749637604
0.2612701654434204
0.26168012619018555
0.47834280133247375
0.35155102610588074
0.7148033380508423
0.8617555499076843
0.5294927358627319
0.7525996565818787
0.8837108016014099
0.5340210795402527
1.2548508644104004
0.9364297986030579
0.4437430202960968
0.5288534164428711
0.8239680528640747
0.08549758046865463
0.525549590587616
0.56436807
0.03414111
3.087693
0.0
0.24150365591049194
0.26289546489715576
0.262215256690979
0.478323757648468
0.3514416217803955
0.7158308625221252
0.8638667464256287
0.5305604338645935
0.7539165616035461
0.8855017423629761
0.5347979068756104
1.2554131746292114
0.9369166493415833
0.4438430964946747
0.5297048687934875
0.8265048265457153
0.08585003763437271
0.5237175226211548
0.56534314
0.03317945
3.089322
0.0
0.24203293025493622
0.2639559805393219
0.262763112783432
0.4783887565135956
0.3514026701450348
0.7182193994522095
0.8641781806945801
0.5302258133888245
0.7551690340042114
0.8877647519111633
0.5358752012252808
1.256251335144043
0.9374974966049194
0.4438980519771576
0.5303894877433777
0.8284944295883179
0.08655618876218796
0.5218863487243652
0.56607115
0.03251234
3.090454
0.0
0.24242107570171356
0.26382163166999817
0.2643034756183624
0.47896331548690796
0.351584792137146
0.7196183800697327
0.8653127551078796
0.5306093096733093
0.7570071816444397
0.8884605765342712
0.5358729958534241
1.256359577178955
0.9378604292869568
0.44403862953186035
0.5329149961471558
0.8288075923919678
0.0868624672293663
0.520050585269928
0.56667656
0.031962562
3.0913851
0.0
0.24284084141254425
0.2635364532470703
0.26613467931747437
0.4796639680862427
0.35181957483291626
0.7206465005874634
0.8667098879814148
0.5312389135360718
0.7584154009819031
0.8894103765487671
0.5361213088035583
1.256253719329834
0.9380878806114197
0.44417819380760193
0.5357818007469177
0.8285918831825256
0.08712521195411682
0.5180544257164001
