0.21086438
-0.28917828
-2.1944501
0.0
0.08188465237617493
0.3379956781864166
0.09514612704515457
0.07716912776231766
0.06011427193880081
0.1498551219701767
0.09746506065130234
0.07733595371246338
0.23943087458610535
0.11086487770080566
0.0870923325419426
0.3818707764148712
0.11576462537050247
0.09326227754354477
0.6000059843063354
0.21257776021957397
0.2218545824289322
0.26496684551239014
0.21062548
-0.28970918
-2.1929772
0.0
0.08170738071203232
0.33735987544059753
0.09472925215959549
0.07586227357387543
0.059112828224897385
0.15022318065166473
0.0964881181716919
0.07655668258666992
0.2397385686635971
0.10990121960639954
0.08633320033550262
0.3825448751449585
0.11538989841938019
0.09293785691261292
0.600143551826477
0.2125670313835144
0.2218911498785019
0.26492154598236084
0.21000685
-0.2896246
-2.191689
0.0
0.08153045922517776
0.33755970001220703
0.09440606832504272
0.07473000884056091
0.05824383348226547
0.1505688726902008
0.09550558030605316
0.07577493041753769
0.23994006216526031
0.10943832248449326
0.08596674352884293
0.38318130373954773
0.1147628203034401
0.09243036806583405
0.6011654734611511
0.2125466763973236
0.22187651693820953
0.26553502678871155
0.20951161
-0.28958464
-2.1906078
0.0
0.08116516470909119
0.3386800289154053
0.09452170878648758
0.07430247217416763
0.057910095900297165
0.1508745402097702
0.09403480589389801
0.07460855692625046
0.24010679125785828
0.10918153077363968
0.08575893193483353
0.38387182354927063
0.1138477697968483
0.091697096824646
0.6033599972724915
0.21302394568920135
0.2219851016998291
0.26655226945877075
0.2113723
-0.28935233
-2.1953237
0.0
0.08042367547750473
0.33923450112342834
0.0946611762046814
0.07413125038146973
0.05777812749147415
0.1510532796382904
0.09360916912555695
0.07426954060792923
0.2403603196144104
0.10873975604772568
0.0854116827249527
0.3844048082828522
0.11327707022428513
0.09124619513750076
0.6065795421600342
0.21314120292663574
0.22210067510604858
0.26708081364631653
0.2109713
-0.2892199
-2.1946256
0.0
0.07990860939025879
0.3389095962047577
0.094877228140831
0.07393623888492584
0.05761895328760147
0.15135283768177032
0.09339403361082077
0.07409019023180008
0.24063684046268463
0.10827025771141052
0.08503986150026321
0.3849231004714966
0.11247961223125458
0.09061473608016968
0.6095668077468872
0.21319107711315155
0.22206847369670868
0.26775479316711426
0.21217062
-0.28900322
-2.1977744
0.0
0.07937367260456085
0.3392230272293091
0.09496589750051498
0.07360871881246567
0.05736688897013664
0.15160247683525085
0.09311430901288986
0.07386276870965958
0.24096724390983582
0.1079072505235672
0.08474884182214737
0.385328471660614
0.11167007684707642
0.08997289091348648
0.6115566492080688
0.2131986767053604
0.22213232517242432
0.2684156894683838
0.21301535
-0.2888394
-2.200007
0.0
0.07831192016601562
0.339898943901062
0.09501365572214127
0.0733497217297554
0.05716589838266373
0.15198247134685516
0.09266513586044312
0.07349354028701782
0.2416822910308838
0.10748470574617386
0.08439178764820099
0.3861304223537445
0.1097489520907402
0.08845089375972748
0.613879919052124
0.2132730334997177
0.22239379584789276
0.2701241075992584
0.2134752
-0.2886343
-2.201423
0.0
0.07703990489244461
0.3408666253089905
0.09502308070659637
0.07312734425067902
0.05699559673666954
0.1523088812828064
0.09205570816993713
0.072999969124794
0.24259507656097412
0.10712741315364838
0.08407298475503922
0.3866577446460724
0.10920942574739456
0.08801528066396713
0.6160750985145569
0.21338987350463867
0.22286082804203033
0.27058786153793335
0.21329653
-0.28868347
-2.200926
0.0
0.07608921825885773
0.34103327989578247
0.09519630670547485
0.07300732284784317
0.05689925327897072
0.15246987342834473
0.09175305813550949
0.07275520265102386
0.24323341250419617
0.10670346766710281
0.08371876180171967
0.3870326578617096
0.10877819359302521
0.08765992522239685
0.6180086135864258
0.21344390511512756
0.22324828803539276
0.2706786096096039
0.2130786
-0.2887481
-2.2003117
0.0
0.0754862055182457
0.34126096963882446
0.09558367729187012
0.07279455661773682
0.05672604963183403
0.15267851948738098
0.09144745022058487
0.07250961661338806
0.24375061690807343
0.10623737424612045
0.0833415538072586
0.3875002861022949
0.10847580432891846
0.0874035656452179
0.6191700100898743
0.21356064081192017
0.2235022932291031
0.27067169547080994
0.21287175
-0.28879535
-2.1997528
0.0
0.07513288408517838
0.3412908911705017
0.09580264240503311
0.0726214274764061
0.056589215993881226
0.15284694731235504
0.09121021628379822
0.07231519371271133
0.24418465793132782
0.10582850128412247
0.08300507068634033
0.38798946142196655
0.10814773291349411
0.08712521195411682
0.6198300719261169
0.2136157602071762
0.22369073331356049
0.2707764506340027
0.21267684
-0.2888674
-2.1991782
0.0
0.07506853342056274
0.3414555788040161
0.09597322344779968
0.07246435433626175
0.056464724242687225
0.1531812995672226
0.09087125957012177
0.07204078882932663
0.24462434649467468
0.10547523945569992
0.08271484076976776
0.38840043544769287
0.10771559178829193
0.08675453066825867
0.6200923919677734
0.21373915672302246
0.22375816106796265
0.27071404457092285
0.21251026
-0.2889442
-2.1986604
0.0
0.07482016086578369
0.34176817536354065
0.09617268294095993
0.072346530854702
0.05637170374393463
0.15345333516597748
0.0904228612780571
0.07168299704790115
0.24523663520812988
0.10513897985219955
0.08243589848279953
0.38871070742607117
0.10736462473869324
0.08645546436309814
0.6214328408241272
0.21390095353126526
0.22407597303390503
0.2705329954624176
0.21257876
-0.28899312
-2.1987333
0.0
0.07473878562450409
0.34148797392845154
0.09627318382263184
0.07218308001756668
0.056244611740112305
0.15365208685398102
0.09016109257936478
0.07147213071584702
0.24574872851371765
0.10483524948358536
0.082184337079525
0.38900578022003174
0.10711124539375305
0.08623844385147095
0.6219143867492676
0.21392734348773956
0.22433575987815857
0.2704203426837921
0.21284217
-0.28897586
-2.1993704
0.0
0.0749603733420372
0.341552734375
0.09629550576210022
0.07181186974048615
0.055958665907382965
0.15378405153751373
0.08991184085607529
0.07127069681882858
0.246272474527359
0.10470929741859436
0.08206808567047119
0.3891993463039398
0.10690922290086746
0.08607150614261627
0.6220054030418396
0.2137773633003235
0.22467872500419617
0.27036499977111816
0.2178458
-0.28903294
-2.2107122
0.0
0.07518686354160309
0.34121304750442505
0.09626636654138565
0.07145209610462189
0.05568089336156845
0.15429645776748657
0.08938455581665039
0.07083410769701004
0.24723029136657715
0.10447864979505539
0.08184675127267838
0.38945281505584717
0.1059999018907547
0.08534667640924454
0.6230039596557617
0.21379253268241882
0.2250022143125534
0.2709651291370392
0.21891895
-0.28866017
-2.2137992
0.0
0.07543639838695526
0.3406136929988861
0.09628062695264816
0.07130751758813858
0.05557046830654144
0.1544983834028244
0.0890359953045845
0.07055310904979706
0.24778816103935242
0.104169562458992
0.0815904513001442
0.3896692395210266
0.10567943006753922
0.08508546650409698
0.624031126499176
0.21383775770664215
0.22530443966388702
0.2709762752056122
0.21846436
-0.28903115
-2.2121181
0.0
0.07527884840965271
0.34113162755966187
0.09624838083982468
0.07103846222162247
0.05536404252052307
0.15503044426441193
0.08855137228965759
0.07015203684568405
0.24802573025226593
0.10377731919288635
0.08128343522548676
0.38996848464012146
0.10507648438215256
0.08460084348917007
0.6254722476005554
0.2139284610748291
0.22507940232753754
0.2711721360683441
0.21880765
-0.28961676
-2.2118688
0.0
0.07530341297388077
0.3418352007865906
0.09618633985519409
0.07066209614276886
0.05507352575659752
0.15526573359966278
0.08813250809907913
0.06981876492500305
0.24857531487941742
0.10343612730503082
0.08099663257598877
0.39019328355789185
0.10467678308486938
0.0842757448554039
0.6256129741668701
0.21404297649860382
0.22534337639808655
0.27121999859809875
0.20747061
-0.29248062
-2.180894
0.0
0.07644281536340714
0.34274834394454956
0.09699289500713348
0.06963825225830078
0.054270725697278976
0.1565122753381729
0.08591952919960022
0.06809819489717484
0.2505359649658203
0.1023247018456459
0.08009059727191925
0.3916914463043213
0.10314071923494339
0.0829511359333992
0.6252073049545288
0.21550731360912323
0.22628577053546906
0.2702891230583191
0.21447231
-0.29244626
-2.197103
0.0
0.07656136155128479
0.3428221046924591
0.09726578742265701
0.06954482197761536
0.0541948527097702
0.1569048911333084
0.0860222652554512
0.06817611306905746
0.25208771228790283
0.10297675430774689
0.08057340234518051
0.3913381099700928
0.10275036841630936
0.08263905346393585
0.6252351403236389
0.21566669642925262
0.22739623486995697
0.2693938612937927
0.22540346
-0.29201177
-2.222436
0.0
0.0765753835439682
0.3427276015281677
0.0984717607498169
0.0697067454457283
0.05430038645863533
0.15833644568920135
0.08721079677343369
0.06907834857702255
0.25481539964675903
0.10382045805454254
0.08117912709712982
0.38989967107772827
0.10208166390657425
0.08210951834917068
0.6261013746261597
0.21582873165607452
0.22826260328292847
0.26735079288482666
0.2254669
-0.29181197
-2.2229261
0.0
0.07654967159032822
0.34274551272392273
0.09998674690723419
0.06991951167583466
0.05443529784679413
0.15867365896701813
0.08734482526779175
0.0691818967461586
0.2562040090560913
0.10410133004188538
0.0813736841082573
0.38894686102867126
0.10165202617645264
0.0817650556564331
0.6268348693847656
0.2159302979707718
0.22920788824558258
0.26606011390686035
0.22654772
-0.2913038
-2.2262065
0.0
0.07649587094783783
0.3428194522857666
0.10279859602451324
0.07005162537097931
0.05448238551616669
0.15926292538642883
0.087489552795887
0.06929734349250793
0.25800541043281555
0.1043865904211998
0.08156850188970566
0.38773998618125916
0.10136439651250839
0.0815172791481018
0.6281235814094543
0.21615718305110931
0.23032669723033905
0.26383647322654724
0.22632243
-0.29112905
-2.226016
0.0
0.07642096281051636
0.34285083413124084
0.10395552963018417
0.07010610401630402
0.054506462067365646
0.15989385545253754
0.0873694196343422
0.06919741630554199
0.2589789032936096
0.10421483963727951
0.08142060041427612
0.38698890805244446
0.10116156935691833
0.08134434372186661
0.6287292838096619
0.2164870947599411
0.23060692846775055
0.26244738698005676
0.2261609
-0.29104617
-2.2258046
0.0
0.07624666392803192
0.34306973218917847
0.10463855415582657
0.07006440311670303
0.054462678730487823
0.16052231192588806
0.08720532059669495
0.06906107813119888
0.2598514258861542
0.10400606691837311
0.08124011754989624
0.386182963848114
0.10092224925756454
0.08113574981689453
0.6290627717971802
0.21697105467319489
0.23076751828193665
0.26115453243255615
0.22580163
-0.29101947
-2.225057
0.0
0.07581979781389236
0.3432190716266632
0.10592776536941528
0.07027098536491394
0.05459173023700714
0.16102758049964905
0.08682810515165329
0.06875983625650406
0.2607980966567993
0.10368175804615021
0.08096200227737427
0.3856027126312256
0.10087313503026962
0.08107247948646545
0.6297629475593567
0.2176251858472824
0.23114506900310516
0.2597908675670624
0.22650215
-0.2909251
-2.2267716
0.0
0.0751836895942688
0.3432808816432953
0.10648946464061737
0.0701996460556984
0.05452615022659302
0.1614460051059723
0.08640091121196747
0.06841717660427094
0.2617987394332886
0.1030961349606514
0.08047930151224136
0.3852439522743225
0.10071083158254623
0.08092883229255676
0.6304237842559814
0.2180129885673523
0.2316129207611084
0.2588094174861908
0.23249522
-0.28992838
-2.2416606
0.0
0.07388215512037277
0.3441806137561798
0.1075863316655159
0.0701962411403656
0.05449989438056946
0.1619143933057785
0.08603544533252716
0.06811659038066864
0.26301446557044983
0.10250077396631241
0.07998473942279816
0.38487738370895386
0.10042288899421692
0.0806947648525238
0.6322115063667297
0.21837396919727325
0.23218685388565063
0.258026659488678
0.2382851
-0.28888854
-2.2559893
0.0
0.0719430074095726
0.34445926547050476
0.1082586720585823
0.07002266496419907
0.05435307323932648
0.16361483931541443
0.08607358485460281
0.06807278841733932
0.26434317231178284
0.10197456926107407
0.07953587919473648
0.3844165503978729
0.10012995451688766
0.08045630902051926
0.6352266073226929
0.2185048907995224
0.2314407080411911
0.25727179646492004
0.2386852
-0.2885488
-2.257454
0.0
0.07167717069387436
0.34438052773475647
0.10860896110534668
0.0697888508439064
0.05416623502969742
0.16490592062473297
0.08641472458839417
0.06828714162111282
0.26545894145965576
0.1013956144452095
0.07905128598213196
0.3837398588657379
0.09977813810110092
0.08015092462301254
0.6355487108230591
0.21863023936748505
0.23087798058986664
0.2561365067958832
0.24066731
-0.2877611
-2.2630916
0.0
0.07166135311126709
0.34496986865997314
0.1100635901093483
0.06965195387601852
0.05403175577521324
0.16650347411632538
0.08742131292819977
0.06900231540203094
0.26711174845695496
0.10066872835159302
0.07841698825359344
0.38321447372436523
0.0994977056980133
0.0799160748720169
0.6361415982246399
0.2184135913848877
0.2302117794752121
0.25553256273269653
0.24337876
-0.2866652
-2.2708104
0.0
0.07167883217334747
0.34530937671661377
0.11169200390577316
0.06949161738157272
0.053879231214523315
0.16774824261665344
0.08797187358140945
0.06938337534666061
0.26907387375831604
0.10098730772733688
0.0785728171467781
0.3826318681240082
0.0992140844464302
0.07966630905866623
0.6367471218109131
0.21855932474136353
0.23032277822494507
0.25527751445770264
0.24473524
-0.2863283
-2.2742753
0.0
0.07175453007221222
0.34610214829444885
0.11396576464176178
0.0694873258471489
0.05382607877254486
0.1685502976179123
0.08804918080568314
0.06941431760787964
0.27006468176841736
0.10120346397161484
0.07869724929332733
0.38201966881752014
0.09894413501024246
0.0794210210442543
0.637485682964325
0.21910132467746735
0.2302815169095993
0.2545246481895447
0.24573246
-0.28641745
-2.2762022
0.0
0.07179608941078186
0.34627148509025574
0.11590953916311264
0.06963054090738297
0.0538891926407814
0.16897861659526825
0.08785510808229446
0.06924912333488464
0.27104660868644714
0.10180170089006424
0.07910032570362091
0.3816176652908325
0.09877503663301468
0.07924879342317581
0.6376796960830688
0.21983122825622559
0.23060302436351776
0.25429537892341614
0.24643457
-0.28657368
-2.277385
0.0
0.07176616787910461
0.3463691174983978
0.11752337217330933
0.06994680315256119
0.05409683287143707
0.16928420960903168
0.08766265213489532
0.06908698379993439
0.2719889283180237
0.10255609452724457
0.0796288549900055
0.3812766373157501
0.09867707639932632
0.07914180308580399
0.6377342939376831
0.2206663340330124
0.23105113208293915
0.25426435470581055
0.24674089
-0.28660664
-2.2779639
0.0
0.07174455374479294
0.34615081548690796
0.11841267347335815
0.06995618343353271
0.05408470705151558
0.16968880593776703
0.0872306376695633
0.06872599571943283
0.27250054478645325
0.10263757407665253
0.07966331392526627
0.38096606731414795
0.09858203679323196
0.0790354311466217
0.6377561092376709
0.22109238803386688
0.23112556338310242
0.2536337375640869
0.24972513
-0.28642723
-2.284486
0.0
0.07171128690242767
0.3446251451969147
0.120279960334301
0.07036091387271881
0.05435197800397873
0.1705770045518875
0.08666299283504486
0.068232960999012
0.2732679545879364
0.10310424119234085
0.07998249679803848
0.3807476758956909
0.09848449379205704
0.07894327491521835
0.6392421722412109
0.22147637605667114
0.23101885616779327
0.25384077429771423
0.25485358
-0.2862733
-2.2952828
0.0
0.0716363713145256
0.3415452539920807
0.12171792984008789
0.07060889154672623
0.05451083555817604
0.17261484265327454
0.08643613755702972
0.06794912368059158
0.27448952198028564
0.1039813756942749
0.08058969676494598
0.3804972171783447
0.09853418916463852
0.07896821200847626
0.6413573026657104
0.22132547199726105
0.23019453883171082
0.2544187903404236
0.26089722
-0.28600535
-2.3079562
0.0
0.07147964835166931
0.3380156457424164
0.12371677160263062
0.07079114764928818
0.05460483953356743
0.17602434754371643
0.08918334543704987
0.06987171620130539
0.2774922549724579
0.10656402260065079
0.08236782997846603
0.3804837465286255
0.09915268421173096
0.07937668263912201
0.6429683566093445
0.21983204782009125
0.22871574759483337
0.2561393082141876
0.26469827
-0.28590956
-2.3156786
0.0
0.07110141962766647
0.3356923460960388
0.12619979679584503
0.07146378606557846
0.05506269633769989
0.1782749444246292
0.09199798107147217
0.07193056493997574
0.2796209454536438
0.10867657512426376
0.08384910225868225
0.38049209117889404
0.10029498487710953
0.08019706606864929
0.6454578638076782
0.2192167490720749
0.22764435410499573
0.25643840432167053
0.26853144
-0.2858106
-2.323382
0.0
0.07040583342313766
0.3323982357978821
0.1292220503091812
0.07207390666007996
0.055463049560785294
0.18025489151477814
0.0945027619600296
0.07376255095005035
0.28088781237602234
0.10983272641897202
0.08464738726615906
0.380550354719162
0.10164321959018707
0.08117251098155975
0.6486295461654663
0.21892711520195007
0.22634845972061157
0.25527727603912354
0.27359226
-0.2858696
-2.3330662
0.0
0.07002266496419907
0.32931777834892273
0.1316285878419876
0.07257129997015
0.05579109862446785
0.1824338138103485
0.09740746766328812
0.07589608430862427
0.28301486372947693
0.11149610579013824
0.08577632158994675
0.38076210021972656
0.1032940223813057
0.08236420899629593
0.6510356068611145
0.21847876906394958
0.2252449244260788
0.25459516048431396
0.27637368
-0.2856638
-2.3387637
0.0
0.06989220529794693
0.32674214243888855
0.13372641801834106
0.07305878400802612
0.05611829459667206
0.18426519632339478
0.09930851310491562
0.0772772952914238
0.28510233759880066
0.11325334012508392
0.08697507530450821
0.38121992349624634
0.1048426553606987
0.08345890045166016
0.6524133086204529
0.21840478479862213
0.22446593642234802
0.25398337841033936
0.28037402
-0.28514194
-2.347297
0.0
0.06975123286247253
0.32433441281318665
0.1360546350479126
0.07332287728786469
0.0562700554728508
0.18572209775447845
0.10012459009885788
0.07783964276313782
0.2865169048309326
0.11385301500558853
0.0873502865433693
0.3821072578430176
0.10699744522571564
0.08503776043653488
0.653579831123352
0.21864397823810577
0.2240365445613861
0.25161483883857727
0.28042674
-0.28519672
-2.3472946
0.0
0.06955425441265106
0.32257333397865295
0.13768146932125092
0.0734366923570633
0.056320901960134506
0.18603558838367462
0.0999712198972702
0.0777076929807663
0.2877342700958252
0.1140228807926178
0.08739810436964035
0.38348713517189026
0.10766679048538208
0.0854717493057251
0.6542213559150696
0.21913422644138336
0.22421568632125854
0.25120872259140015
0.27880213
-0.2859287
-2.3428795
0.0
0.06947015225887299
0.3218769133090973
0.13846229016780853
0.07331636548042297
0.05621279403567314
0.18604783713817596
0.09993419051170349
0.07767850905656815
0.288579523563385
0.11372283101081848
0.08711973577737808
0.3847728967666626
0.10788179188966751
0.08553944528102875
0.6542120575904846
0.2194909304380417
0.22446593642234802
0.2501201927661896
0.27470183
-0.28628778
-2.3344214
0.0
0.06937047839164734
0.3211781084537506
0.13866598904132843
0.07316648960113525
0.05609384924173355
0.18606524169445038
0.09987203776836395
0.07763010263442993
0.2887600064277649
0.11345569044351578
0.08690230548381805
0.3861472010612488
0.10796424001455307
0.08552061021327972
0.6540954113006592
0.21975331008434296
0.2244538813829422
0.24919500946998596
0.27034277
-0.28675807
-2.325159
0.0
0.06923361867666245
0.32074999809265137
0.13862285017967224
0.07294846326112747
0.05592668429017067
0.18609261512756348
0.0997835174202919
0.07755936682224274
0.28882214426994324
0.11324120312929153
0.08673595637083054
0.38749146461486816
0.1080339178442955
0.08548291772603989
0.6538652181625366
0.22004978358745575
0.22442549467086792
0.24783748388290405
0.2623387
-0.28632167
-2.3102467
0.0
0.0691387727856636
0.3206217885017395
0.13871943950653076
0.07275930792093277
0.05577506497502327
0.18610356748104095
0.0995984673500061
0.07741614431142807
0.288835346698761
0.11313091218471527
0.0866471529006958
0.38845551013946533
0.10770173370838165
0.08516187965869904
0.6536597013473511
0.2203330546617508
0.22445710003376007
0.24731381237506866
0.25998408
-0.2865557
-2.3051195
0.0
0.06830286234617233
0.31940481066703796
0.1386042982339859
0.07242318242788315
0.05552108213305473
0.18613320589065552
0.09899299591779709
0.07694458961486816
0.28878551721572876
0.11254969239234924
0.0862017571926117
0.3892747461795807
0.10717757046222687
0.08470869809389114
0.6535683870315552
0.2207055538892746
0.22445255517959595
0.24707314372062683
0.25839224
-0.2870679
-2.3009865
0.0
0.06725380569696426
0.31837189197540283
0.13837502896785736
0.07203416526317596
0.055224914103746414
0.18605878949165344
0.09797762334346771
0.0761566236615181
0.2887987196445465
0.11232125759124756
0.08602295815944672
0.38973402976989746
0.10661780834197998
0.08425308018922806
0.6535468101501465
0.2211010754108429
0.2247648537158966
0.24743430316448212
0.2564581
-0.28762594
-2.2960649
0.0
0.06566974520683289
0.31609979271888733
0.13811205327510834
0.07163470983505249
0.05492280796170235
0.18607908487319946
0.0976199060678482
0.0758756473660469
0.28880730271339417
0.11180531233549118
0.08563009649515152
0.39007633924484253
0.10603538900613785
0.08378217369318008
0.6534361839294434
0.22143784165382385
0.22477208077907562
0.2476576268672943
0.25515443
-0.28791
-2.2929041
0.0
0.06357359886169434
0.3142579197883606
0.13728919625282288
0.07088293880224228
0.05435856059193611
0.18610228598117828
0.09695534408092499
0.07535727322101593
0.28884372115135193
0.11129450052976608
0.08523472398519516
0.3903806507587433
0.10536591708660126
0.08324770629405975
0.6533622741699219
0.2219325751066208
0.22487448155879974
0.24794849753379822
0.25397643
-0.28795424
-2.290427
0.0
0.06153314560651779
0.31233808398246765
0.13615742325782776
0.07007972151041031
0.05376178398728371
0.18615511059761047
0.09640393406152725
0.07492773234844208
0.28885918855667114
0.11123920977115631
0.085192009806633
0.39066827297210693
0.10473324358463287
0.08274152874946594
0.6536180377006531
0.22244270145893097
0.22500862181186676
0.24829290807247162
0.25300705
-0.28795484
-2.2884471
0.0
0.05975105240941048
0.3105267286300659
0.13551568984985352
0.06947273015975952
0.05330618470907211
0.18623173236846924
0.09586679935455322
0.07450693845748901
0.2888891100883484
0.1111237108707428
0.0851001888513565
0.39104971289634705
0.10399286448955536
0.08214076608419418
0.6543969511985779
0.2227618396282196
0.22510558366775513
0.24854768812656403
0.25215593
-0.28791577
-2.286776
0.0
0.05790700763463974
0.3095293641090393
0.13490815460681915
0.06876243650913239
0.052771009504795074
0.18635724484920502
0.09555057436227798
0.07425829768180847
0.28892362117767334
0.11098334193229675
0.08499213308095932
0.39139795303344727
0.10331887751817703
0.08159630000591278
0.654864490032196
0.22307108342647552
0.2251039743423462
0.24881698191165924
0.25143898
-0.2879202
-2.285297
0.0
0.056361123919487
0.3094262182712555
0.13494448363780975
0.06867389380931854
0.052702032029628754
0.18638136982917786
0.09542304277420044
0.07415860891342163
0.28896400332450867
0.11068911105394363
0.08476292341947556
0.3917987048625946
0.10271840542554855
0.08110927045345306
0.6557444930076599
0.2231004387140274
0.22508367896080017
0.24901078641414642
0.25092518
-0.2878867
-2.2843015
0.0
0.05444734916090965
0.3093682825565338
0.13505607843399048
0.0685800239443779
0.05262956768274307
0.1864064633846283
0.09527027606964111
0.07403703033924103
0.28901252150535583
0.1100049689412117
0.08423537015914917
0.3922742009162903
0.10205592960119247
0.08057118207216263
0.6564660668373108
0.223129004240036
0.22501957416534424
0.24910388886928558
0.2504302
-0.28802177
-2.2830372
0.0
0.05189705267548561
0.30899882316589355
0.1351335346698761
0.06849559396505356
0.05256380885839462
0.18661731481552124
0.09489672631025314
0.07373828440904617
0.2890528738498688
0.10980607569217682
0.0840822085738182
0.3928656280040741
0.10138736665248871
0.08001382648944855
0.6568459868431091
0.22313331067562103
0.22498564422130585
0.24915610253810883
0.24973816
-0.28826544
-2.2811677
0.0
0.05017601326107979
0.3086913526058197
0.13654199242591858
0.0683814138174057
0.05244796350598335
0.18681639432907104
0.09454254806041718
0.07345294207334518
0.28909555077552795
0.10957739502191544
0.08390388637781143
0.3932846784591675
0.10078490525484085
0.07951712608337402
0.6574971675872803
0.22314892709255219
0.22494076192378998
0.24918341636657715
0.24929859
-0.28847867
-2.2798731
0.0
0.04902796074748039
0.30818066000938416
0.13876082003116608
0.06861567497253418
0.05258195474743843
0.18687286972999573
0.09437950700521469
0.07332856953144073
0.28913506865501404
0.10937773436307907
0.08375011384487152
0.3933170437812805
0.10061770677566528
0.07938043773174286
0.6587180495262146
0.22320199012756348
0.2249220460653305
0.24920782446861267
0.24973333
-0.2886897
-2.2803888
0.0
0.04785363748669624
0.3075864613056183
0.13955363631248474
0.06856436282396317
0.05252862721681595
0.18715785443782806
0.09387978911399841
0.07292719930410385
0.28917455673217773
0.10919192433357239
0.08360249549150467
0.3933829665184021
0.09986306726932526
0.07878591120243073
0.6595690250396729
0.22315432131290436
0.22485870122909546
0.24954931437969208
0.2511192
-0.28834045
-2.2838764
0.0
0.046272482722997665
0.30712229013442993
0.13967998325824738
0.06845203787088394
0.05244114249944687
0.18732789158821106
0.09350517392158508
0.07263128459453583
0.2892278730869293
0.10886545479297638
0.08334871381521225
0.39339929819107056
0.0995469018816948
0.07853027433156967
0.6601696610450745
0.223170205950737
0.2248060405254364
0.24953532218933105
0.25087342
-0.28783238
-2.284294
0.0
0.0448525995016098
0.30638524889945984
0.13971422612667084
0.0683814138174057
0.052385393530130386
0.18768249452114105
0.09298986196517944
0.07222108542919159
0.28922387957572937
0.1081322729587555
0.08278407156467438
0.3934025764465332
0.0992140844464302
0.07825932651758194
0.6605390906333923
0.2232499122619629
0.22452965378761292
0.24942812323570251
0.24998128
-0.28782114
-2.282476
0.0
0.042890116572380066
0.30406537652015686
0.13973863422870636
0.06823907792568207
0.05227942019701004
0.18819038569927216
0.09240195155143738
0.07175037264823914
0.28922054171562195
0.10765625536441803
0.082414910197258
0.3934013247489929
0.0991075187921524
0.0781746581196785
0.6599426865577698
0.22340869903564453
0.22419343888759613
0.24946193397045135
0.24923971
-0.2882726
-2.280125
0.0
0.041557133197784424
0.3027784824371338
0.13978269696235657
0.06809469312429428
0.052166376262903214
0.18829135596752167
0.09216910600662231
0.07156722247600555
0.2888445556163788
0.1059102863073349
0.08108572661876678
0.3934055268764496
0.0990557000041008
0.07813189923763275
0.6598479747772217
0.22354423999786377
0.2235558032989502
0.2491116225719452
0.24852842
-0.2888426
-2.2776208
0.0
0.04073554277420044
0.30054745078086853
0.13990414142608643
0.06801492720842361
0.05210346728563309
0.18846260011196136
0.09174589812755585
0.07123637199401855
0.28853341937065125
0.10447864979505539
0.07999145239591599
0.39336851239204407
0.09841535985469818
0.07762472331523895
0.6591432690620422
0.22375842928886414
0.22303982079029083
0.24902021884918213
0.2479428
-0.28937614
-2.275443
0.0
0.04045502841472626
0.29673704504966736
0.13962389528751373
0.06765969097614288
0.05183611810207367
0.18860602378845215
0.09154073894023895
0.07107288390398026
0.28833457827568054
0.1027991771697998
0.07871165871620178
0.39325591921806335
0.09689313173294067
0.07642564177513123
0.6567240357398987
0.2239522933959961
0.22255074977874756
0.24940060079097748
0.24718727
-0.289956
-2.2728293
0.0
0.041988175362348557
0.29151931405067444
0.13969668745994568
0.06761735677719116
0.0518050491809845
0.1887938231229782
0.09129328280687332
0.07087788730859756
0.2880713939666748
0.10096661001443863
0.07731126248836517
0.39330458641052246
0.09622915089130402
0.07589765638113022
0.6514053344726562
0.22413954138755798
0.22195477783679962
0.24920733273029327
0.2458822
-0.29048997
-2.2691524
0.0
0.04350021854043007
0.287363737821579
0.13975146412849426
0.06757146865129471
0.05176819860935211
0.18902139365673065
0.09064898639917374
0.07038126140832901
0.28778907656669617
0.0993848368525505
0.07610882073640823
0.39325466752052307
0.09517185389995575
0.07506217807531357
0.6477070450782776
0.22451600432395935
0.22146877646446228
0.24909517168998718
0.24464332
-0.2908951
-2.2658377
0.0
0.043860577046871185
0.2858431339263916
0.13979168236255646
0.06750787794589996
0.05171749368309975
0.18920910358428955
0.08984609693288803
0.06976406276226044
0.28762733936309814
0.09840323030948639
0.07535964250564575
0.3932114243507385
0.09423898905515671
0.07432495057582855
0.6470344662666321
0.22488489747047424
0.22115732729434967
0.24931050837039948
0.24363852
-0.29118901
-2.263206
0.0
0.04502905532717705
0.2839408218860626
0.13981905579566956
0.06736281514167786
0.05160783976316452
0.18936780095100403
0.08919338136911392
0.06926117837429047
0.2874091565608978
0.09748588502407074
0.07466371357440948
0.39324361085891724
0.09356771409511566
0.07379408925771713
0.6443290114402771
0.22521182894706726
0.2208024561405182
0.24947135150432587
0.2422264
-0.2910365
-2.2605083
0.0
0.04540487006306648
0.28362467885017395
0.1398853361606598
0.0672573521733284
0.051524579524993896
0.18960830569267273
0.08837258815765381
0.06862958520650864
0.2871110439300537
0.09649121016263962
0.07391121983528137
0.3933612108230591
0.09265805035829544
0.0730791911482811
0.6438897252082825
0.22560758888721466
0.22037722170352936
0.2498474419116974
0.24113296
-0.2908326
-2.2585635
0.0
0.045398302376270294
0.28331610560417175
0.13989558815956116
0.06713396310806274
0.051430750638246536
0.18987281620502472
0.08755502104759216
0.0680008977651596
0.2869430482387543
0.09606648236513138
0.07358845323324203
0.39350858330726624
0.09183433651924133
0.07243224233388901
0.64399254322052
0.22593216598033905
0.22008855640888214
0.2504592537879944
0.23991844
-0.29054302
-2.2565067
0.0
0.04558442160487175
0.2835531234741211
0.14001010358333588
0.06705751270055771
0.051371585577726364
0.19014549255371094
0.08727510273456573
0.06777596473693848
0.2868575155735016
0.0955568179488182
0.0732031762599945
0.39356765151023865
0.09136255830526352
0.07205983251333237
0.6438865065574646
0.22605983912944794
0.2198183834552765
0.25058043003082275
0.23933235
-0.28980303
-2.2565837
0.0
0.04575154185295105
0.28373223543167114
0.13995712995529175
0.0668918564915657
0.05124606564640999
0.19071294367313385
0.08728808909654617
0.06777331978082657
0.2867673635482788
0.09511161595582962
0.0728658139705658
0.39365220069885254
0.0911015197634697
0.07185505330562592
0.643808901309967
0.22612977027893066
0.2192622423171997
0.2506849765777588
0.23886605
-0.28941032
-2.2562935
0.0
0.04578801617026329
0.2837682068347931
0.14025633037090302
0.06688026338815689
0.051230937242507935
0.19123922288417816
0.08734482526779175
0.06780412048101425
0.28655126690864563
0.09459556639194489
0.07247505336999893
0.3937288224697113
0.09086009860038757
0.07166634500026703
0.6440473794937134
0.22609519958496094
0.21863463521003723
0.25081852078437805
0.22174051
-0.30595684
-2.1906736
0.0
0.06416938453912735
0.34211108088493347
0.13770362734794617
0.0625559613108635
0.04802776500582695
0.1947290152311325
0.07348623126745224
0.05713459104299545
0.28293418884277344
0.0859604999423027
0.06609887629747391
0.40335801243782043
0.08390317112207413
0.06636814773082733
0.6313542127609253
0.2262081801891327
0.2155039757490158
0.2607416808605194
0.2220312
-0.30642068
-2.1905508
0.0
0.06559249758720398
0.34337562322616577
0.1380436271429062
0.06262647360563278
0.04807616025209427
0.19455674290657043
0.07274044305086136
0.0565839447081089
0.28291046619415283
0.08592578023672104
0.06607630848884583
0.40363991260528564
0.08409995585680008
0.06653600186109543
0.631061315536499
0.22704856097698212
0.21546661853790283
0.26106956601142883
0.22228248
-0.30674765
-2.1905663
0.0
0.06682940572500229
0.3444901406764984
0.1381683200597763
0.06265884637832642
0.04810095950961113
0.19464397430419922
0.07208631932735443
0.05609066039323807
0.28288358449935913
0.08585560321807861
0.06602935492992401
0.40378740429878235
0.08427220582962036
0.06667391955852509
0.6306169033050537
0.2275867760181427
0.2153952419757843
0.2610166668891907
0.22233586
-0.30693957
-2.1903687
0.0
0.06825394183397293
0.34565451741218567
0.13823971152305603
0.06264551728963852
0.048091042786836624
0.19464550912380219
0.07162388414144516
0.05574297904968262
0.28286564350128174
0.08578328043222427
0.06598146259784698
0.4038817584514618
0.08443491160869598
0.06680797785520554
0.6302407383918762
0.22788166999816895
0.21542926132678986
0.2608117163181305
0.22185971
-0.3072048
-2.1888864
0.0
0.06922413408756256
0.34580332040786743
0.1383456438779831
0.0626959577202797
0.04812946543097496
0.19467325508594513
0.07145711034536362
0.05562302842736244
0.2827308475971222
0.0858173593878746
0.06602031737565994
0.4039771556854248
0.08466500788927078
0.0669916495680809
0.6298707723617554
0.22796054184436798
0.21534699201583862
0.2605758607387543
0.22155054
-0.30736408
-2.1879454
0.0
0.0709359422326088
0.3464965522289276
0.13776613771915436
0.06258741766214371
0.04806375876069069
0.19462117552757263
0.07088462263345718
0.05520439147949219
0.2826097011566162
0.08581388741731644
0.06603296846151352
0.404074490070343
0.08494718372821808
0.06721654534339905
0.6285291314125061
0.22833950817584991
0.21528087556362152
0.2602274417877197
0.22111042
-0.3075054
-2.1867447
0.0
0.07566383481025696
0.34814348816871643
0.13630138337612152
0.06208029389381409
0.047703880816698074
0.1944543570280075
0.07020644098520279
0.054709579795598984
0.28247693181037903
0.08604168891906738
0.06622239202260971
0.4041752815246582
0.08510369807481766
0.06734155863523483
0.6222642064094543
0.22851374745368958
0.2153274565935135
0.26008424162864685
0.21982256
-0.30789542
-2.1832657
0.0
0.0784953162074089
0.3500688076019287
0.13532762229442596
0.0616241917014122
0.047381553798913956
0.19440746307373047
0.06965452432632446
0.0543091706931591
0.28238731622695923
0.08612071722745895
0.06629710644483566
0.4046383798122406
0.08488533645868301
0.06721831858158112
0.6193847060203552
0.22841110825538635
0.2153199315071106
0.2615787088871002
0.21892698
-0.30824172
-2.180721
0.0
0.08100694417953491
0.35065698623657227
0.13447315990924835
0.0613098107278347
0.04716081544756889
0.19436241686344147
0.0694572702050209
0.05417284369468689
0.2823244035243988
0.08603890985250473
0.06624490767717361
0.40496450662612915
0.08476573973894119
0.06715795397758484
0.6167504191398621
0.22786425054073334
0.21535813808441162
0.26246461272239685
0.21763964
-0.30864996
-2.177204
0.0
0.08308123797178268
0.350680410861969
0.13329431414604187
0.06092630326747894
0.04689455404877663
0.19415183365345
0.06928012520074844
0.05405823513865471
0.28224074840545654
0.08580901473760605
0.06607721745967865
0.4051641523838043
0.08451615273952484
0.06700144708156586
0.6148478388786316
0.22718964517116547
0.21546299755573273
0.26356595754623413
0.21622618
-0.30885673
-2.173725
0.0
0.08446600288152695
0.35068559646606445
0.13239115476608276
0.06050686538219452
0.04659607261419296
0.19397813081741333
0.06933951377868652
0.05411777272820473
0.2818959951400757
0.08551432937383652
0.06587198376655579
0.40528178215026855
0.08443703502416611
0.06697116792201996
0.6140272617340088
0.22648201882839203
0.21537655591964722
0.264084130525589
0.21483509
-0.30929306
-2.169917
0.0
0.08594036102294922
0.3511800765991211
0.13168124854564667
0.06010236591100693
0.0463033989071846
0.19396020472049713
0.06932488828897476
0.054115571081638336
0.28163981437683105
0.085483618080616
0.0658656433224678
0.40547072887420654
0.08436349779367447
0.06694088131189346
0.6125830411911011
0.22600293159484863
0.21528756618499756
0.2646721601486206
0.21370834
-0.30971986
-2.1667104
0.0
0.08739946782588959
0.3522327244281769
0.13067692518234253
0.059551090002059937
0.045898571610450745
0.19390545785427094
0.06947358697652817
0.054236650466918945
0.28134778141975403
0.08528371900320053
0.06572875380516052
0.4055807292461395
0.0844963788986206
0.06705483794212341
0.6106852889060974
0.22569337487220764
0.21511730551719666
0.264579176902771
0.21278247
-0.3101197
-2.1639946
0.0
0.08854935318231583
0.3529585003852844
0.13052818179130554
0.05931929498910904
0.04572286084294319
0.19377271831035614
0.06955940276384354
0.05431685596704483
0.28093811869621277
0.08525152504444122
0.065731480717659
0.40562331676483154
0.08458532392978668
0.06712863594293594
0.6095343232154846
0.22551538050174713
0.21501871943473816
0.2642146944999695
0.2121529
-0.31077433
-2.1615381
0.0
0.08968652784824371
0.35383477807044983
0.13024073839187622
0.05912090092897415
0.04557787999510765
0.19375382363796234
0.06966565549373627
0.05440790578722954
0.2800982594490051
0.08494366705417633
0.06553973257541656
0.4057213366031647
0.08469390124082565
0.06722719222307205
0.6083565950393677
0.22518353164196014
0.21457688510417938
0.263822078704834
0.21127039
-0.3113198
-2.1586885
0.0
0.09084761142730713
0.35503047704696655
0.13001933693885803
0.059022966772317886
0.045512422919273376
0.19383801519870758
0.07000818103551865
0.05467905104160309
0.27946195006370544
0.08462834358215332
0.0653291568160057
0.40557390451431274
0.08436208963394165
0.0669943243265152
0.6077951192855835
0.2247185856103897
0.21409012377262115
0.2641998827457428
0.20976526
-0.31207645
-2.1541018
0.0
0.09162872284650803
0.35556814074516296
0.1298210471868515
0.0589299350976944
0.04544687271118164
0.19395247101783752
0.07029984146356583
0.05490977689623833
0.2792401611804962
0.08470446616411209
0.06540215760469437
0.4055081903934479
0.0840616300702095
0.066781185567379
0.6069129705429077
0.22458131611347198
0.21378383040428162
0.2648905813694
0.2087512
-0.31308413
-2.1502311
0.0
0.09315917640924454
0.3563738465309143
0.12949882447719574
0.058865129947662354
0.0454074963927269
0.19396854937076569
0.0706215649843216
0.05516873300075531
0.27870723605155945
0.08442148566246033
0.06520944088697433
0.4054954946041107
0.08414535224437714
0.0668552815914154
0.6047915816307068
0.22441238164901733
0.21334905922412872
0.2647077143192291
0.20777951
-0.31383485
-2.1468627
0.0
0.09432446211576462
0.3570532202720642
0.128991037607193
0.05882864445447922
0.04539304971694946
0.1939091682434082
0.07076417654752731
0.05529290437698364
0.278121680021286
0.08393730223178864
0.06486276537179947
0.40553978085517883
0.08419356495141983
0.06689809262752533
0.6033580303192139
0.22433361411094666
0.21297404170036316
0.26430803537368774
0.20649512
-0.31509092
-2.1420074
0.0
0.09637916088104248
0.3568868935108185
0.12906700372695923
0.05894814804196358
0.04548359289765358
0.19385503232479095
0.07063508033752441
0.05521087348461151
0.2769416868686676
0.08294106274843216
0.06415543705224991
0.4055790603160858
0.08425095677375793
0.06694355607032776
0.6001359224319458
0.22478891909122467
0.21238358318805695
0.26319095492362976
0.20528884
-0.31640562
-2.1372504
0.0
0.0981651172041893
0.35758286714553833
0.12910497188568115
0.05899770185351372
0.04552028328180313
0.19399791955947876
0.07079535722732544
0.055341415107250214
0.2766548693180084
0.08278334885835648
0.06405122578144073
0.4056134819984436
0.08402470499277115
0.06677314639091492
0.5979419350624084
0.22497549653053284
0.21206212043762207
0.2632908225059509
0.20413318
-0.31715965
-2.1334746
0.0
0.09878652542829514
0.35795748233795166
0.1293630450963974
0.05906236171722412
0.04556741192936897
0.1940823197364807
0.07102502882480621
0.05552537739276886
0.27653875946998596
0.08270040899515152
0.06399812549352646
0.405564546585083
0.08384127169847488
0.06664259731769562
0.5976002812385559
0.22493301331996918
0.2118731588125229
0.26357418298721313
0.20472251
-0.3181601
-2.133291
0.0
0.09935419261455536
0.35815665125846863
0.13021227717399597
0.059513021260499954
0.04590116813778877
0.19387823343276978
0.07125814259052277
0.055750466883182526
0.2764241397380829
0.08272277563810349
0.06402328610420227
0.40554988384246826
0.08391384035348892
0.06670433282852173
0.5977016687393188
0.22550392150878906
0.21163691580295563
0.2634952664375305
0.20443678
-0.31900784
-2.131359
0.0
0.100055992603302
0.35798588395118713
0.13142497837543488
0.060214392840862274
0.04642171785235405
0.19369345903396606
0.07117940485477448
0.055726926773786545
0.2763596773147583
0.08275234699249268
0.06405308842658997
0.4055681824684143
0.08399558067321777
0.06677225977182388
0.5977299213409424
0.22603005170822144
0.21156568825244904
0.2633698284626007
0.20351121
-0.3193667
-2.1287189
0.0
0.10047103464603424
0.35738542675971985
0.13211724162101746
0.06069483980536461
0.046777430921792984
0.19349981844425201
0.07100654393434525
0.05561980977654457
0.2763402462005615
0.08273431658744812
0.06404656916856766
0.40557965636253357
0.08410279452800751
0.0668579563498497
0.5978615283966064
0.22653163969516754
0.21164968609809875
0.2631712555885315
0.20279804
-0.31966606
-2.1266491
0.0
0.10093763470649719
0.3561142683029175
0.1325346678495407
0.06089301034808159
0.04692506045103073
0.19335594773292542
0.07092584669589996
0.05558119714260101
0.27623558044433594
0.08262605965137482
0.06397669017314911
0.4056214988231659
0.08429131656885147
0.06701301783323288
0.5977704524993896
0.22680853307247162
0.2117084115743637
0.2629243731498718
0.2090543
-0.3195029
-2.1410048
0.0
0.10127895325422287
0.35438022017478943
0.13281312584877014
0.06103779748082161
0.04703674837946892
0.1933959573507309
0.07097040861845016
0.05561552196741104
0.276241272687912
0.08268164843320847
0.06402421742677689
0.4056704342365265
0.08450132608413696
0.06720589846372604
0.5982839465141296
0.22669798135757446
0.21171152591705322
0.2632821202278137
0.22231221
-0.3195591
-2.1701117
0.0
0.10189784318208694
0.35049140453338623
0.13323689997196198
0.061136405915021896
0.047105152159929276
0.19382594525814056
0.07141952961683273
0.055961862206459045
0.27623119950294495
0.08277758210897446
0.06409963220357895
0.4056190848350525
0.08474743366241455
0.06746456772089005
0.6000282764434814
0.22659532725811005
0.21123617887496948
0.26458099484443665
0.22828309
-0.3199181
-2.182381
0.0
0.10223713517189026
0.3483925461769104
0.13357210159301758
0.06117638945579529
0.04713552072644234
0.19439420104026794
0.07194383442401886
0.05636218190193176
0.27624258399009705
0.08284531533718109
0.06415358185768127
0.40546542406082153
0.08482696861028671
0.06756793707609177
0.6003544926643372
0.2264583855867386
0.21065916121006012
0.26534372568130493
0.2311895
-0.3200695
-2.1883168
0.0
0.10271026939153671
0.3468417823314667
0.13397563993930817
0.061222195625305176
0.04716334119439125
0.19506847858428955
0.07246188819408417
0.05675863102078438
0.2762419283390045
0.08289932459592819
0.06419818848371506
0.4055814743041992
0.08511210978031158
0.06781995296478271
0.6003996133804321
0.22647643089294434
0.20998825132846832
0.2657541334629059
0.23473117
-0.31997395
-2.1959314
0.0
0.10327552258968353
0.34343916177749634
0.13467130064964294
0.061257254332304
0.0471835657954216
0.19627788662910461
0.07317546010017395
0.05729198828339577
0.27624934911727905
0.08292955160140991
0.06422419846057892
0.4057261645793915
0.08545149862766266
0.06812097132205963
0.6020231246948242
0.22651757299900055
0.20882585644721985
0.2663184106349945
0.24098586
-0.31961632
-2.2095218
0.0
0.1036316454410553
0.34137600660324097
0.13568060100078583
0.06134871020913124
0.04723535105586052
0.1977532058954239
0.07420042902231216
0.05804998427629471
0.27632954716682434
0.08324483782052994
0.06446706503629684
0.405685693025589
0.08577980101108551
0.06841804832220078
0.6069231033325195
0.22638218104839325
0.20750898122787476
0.2670466899871826
0.24595506
-0.31946084
-2.2199697
0.0
0.10501224547624588
0.33917662501335144
0.13669517636299133
0.06146525964140892
0.04731103032827377
0.1993890404701233
0.07514717429876328
0.058734286576509476
0.27671051025390625
0.08389250189065933
0.06494823098182678
0.40567678213119507
0.08606179803609848
0.06865217536687851
0.6090031266212463
0.22595903277397156
0.20638054609298706
0.26742658019065857
0.24626255
-0.31937167
-2.2207406
0.0
0.10598074644804001
0.3387245237827301
0.1382470726966858
0.061703503131866455
0.04746579751372337
0.2005673497915268
0.07642798870801926
0.059684138745069504
0.2770809531211853
0.08425449579954147
0.0652121901512146
0.4056938588619232
0.08629932254552841
0.06884133815765381
0.6102979183197021
0.22534897923469543
0.20558641850948334
0.26749446988105774
0.24610941
-0.3189725
-2.2210739
0.0
0.10657130926847458
0.3390856087207794
0.14045104384422302
0.06209278106689453
0.04772137477993965
0.20086093246936798
0.07678546756505966
0.05995333567261696
0.27723583579063416
0.08432317525148392
0.06525881588459015
0.4058273434638977
0.08667676150798798
0.06913100928068161
0.6115278005599976
0.22501583397388458
0.2053728699684143
0.26732686161994934
0.24608271
-0.31855798
-2.2216907
0.0
0.10669339448213577
0.33925706148147583
0.14100517332553864
0.06215326488018036
0.047762591391801834
0.201321080327034
0.07710029184818268
0.06017971783876419
0.27727025747299194
0.08439886569976807
0.06531363725662231
0.4061649441719055
0.08837325870990753
0.07043040543794632
0.6117103099822998
0.2247287482023239
0.2050601989030838
0.26568058133125305
0.24509765
-0.31766316
-2.2211292
0.0
0.10686229169368744
0.34029167890548706
0.14137114584445953
0.0622108168900013
0.04780127480626106
0.20147602260112762
0.07725722342729568
0.060297537595033646
0.2774413526058197
0.08473335206508636
0.06556066125631332
0.40653276443481445
0.08882123231887817
0.0707785040140152
0.612095057964325
0.22464849054813385
0.20493312180042267
0.265880286693573
0.24384208
-0.31680873
-2.2199426
0.0
0.10673480480909348
0.34150415658950806
0.14142020046710968
0.062241487205028534
0.047823723405599594
0.2021474689245224
0.07805626839399338
0.0608900710940361
0.2776053845882416
0.085331991314888
0.06601309031248093
0.4067032039165497
0.0889488086104393
0.07087788730859756
0.6127486824989319
0.2241870015859604
0.2045552283525467
0.26621580123901367
0.24249825
-0.31603917
-2.2184274
0.0
0.10586234927177429
0.34309878945350647
0.1431536078453064
0.06305642426013947
0.048409879207611084
0.20246517658233643
0.07817389070987701
0.060972291976213455
0.27768170833587646
0.08571647107601166
0.06630520522594452
0.40679842233657837
0.0889722928404808
0.07089724391698837
0.6156842708587646
0.22425910830497742
0.2043514847755432
0.26650044322013855
0.24139652
-0.31571034
-2.2166853
0.0
0.10506114363670349
0.34413114190101624
0.14431250095367432
0.06345339864492416
0.04868990555405617
0.20273207128047943
0.07823874056339264
0.0610123835504055
0.2776615023612976
0.08569210022687912
0.06628721207380295
0.4069177210330963
0.08898570388555527
0.07090902328491211
0.6178917288780212
0.22434191405773163
0.20416812598705292
0.2665852904319763
0.24009794
-0.3151165
-2.2149582
0.0
0.10449521988630295
0.345111221075058
0.14540259540081024
0.06359986215829849
0.04878411069512367
0.2028380185365677
0.07837741076946259
0.06111786887049675
0.2776162624359131
0.08558826893568039
0.06620797514915466
0.4070449471473694
0.08909429609775543
0.07098974287509918
0.6194023489952087
0.22440218925476074
0.20403403043746948
0.2665610909461975
