-0.11000149
-0.21139877
-1.0954946
0.0
0.2128296196460724
0.43172135949134827
0.3374243378639221
0.05420255661010742
0.04808112233877182
0.34288984537124634
0.04701012000441551
0.04175036773085594
0.3791675567626953
0.05056785047054291
0.04524964839220047
0.6078086495399475
0.06969904899597168
0.0627976655960083
0.9313793778419495
0.328763484954834
0.2064741849899292
0.511253297328949
-0.110333376
-0.21134649
-1.094154
0.0
0.21292807161808014
0.43150779604911804
0.33680441975593567
0.054346490651369095
0.048200029879808426
0.3430475890636444
0.046970780938863754
0.0417160801589489
0.37916773557662964
0.05057256668806076
0.045254915952682495
0.6078392267227173
0.0694950520992279
0.0626140907406807
0.9315200448036194
0.32880058884620667
0.20646342635154724
0.5113171339035034
-0.11069398
-0.21133848
-1.0927957
0.0
0.21312062442302704
0.4312436282634735
0.3363693058490753
0.05442872643470764
0.04826678708195686
0.34326353669166565
0.04687166213989258
0.04162880405783653
0.3791666030883789
0.05057256668806076
0.04525360092520714
0.6079123020172119
0.0692482590675354
0.06239175423979759
0.931885838508606
0.32882827520370483
0.20644277334213257
0.5113701224327087
-0.11098236
-0.21129665
-1.09164
0.0
0.2136823832988739
0.4303106963634491
0.33625444769859314
0.05440352112054825
0.048243310302495956
0.3434205949306488
0.046816930174827576
0.04158581420779228
0.37916532158851624
0.05056902766227722
0.04525228217244148
0.607964813709259
0.06899453699588776
0.06216574087738991
0.9330096244812012
0.32870808243751526
0.20652766525745392
0.5114566683769226
-0.11135261
-0.21122809
-1.0901277
0.0
0.21350495517253876
0.4279710054397583
0.33616626262664795
0.05437391623854637
0.04821363463997841
0.3433085083961487
0.04680801182985306
0.041577212512493134
0.3793237507343292
0.050485238432884216
0.045177116990089417
0.6080254316329956
0.0687398761510849
0.06193408742547035
0.9341614842414856
0.3286370038986206
0.2066488415002823
0.5115510821342468
-0.11167256
-0.21117237
-1.0888289
0.0
0.21316176652908325
0.42625442147254944
0.3362484872341156
0.05433112755417824
0.04817899316549301
0.3431452214717865
0.046851303428411484
0.04161018133163452
0.37980538606643677
0.05046751722693443
0.04517051577568054
0.608089804649353
0.0686434879899025
0.061849284917116165
0.934593915939331
0.3285169303417206
0.20682626962661743
0.5116115808486938
-0.11229017
-0.21116517
-1.0865266
0.0
0.21292750537395477
0.424547404050827
0.33670973777770996
0.05408470705151558
0.04796689376235008
0.342942476272583
0.046897098422050476
0.04164598882198334
0.3797941207885742
0.050484057515859604
0.04518503323197365
0.6081094145774841
0.06862610578536987
0.06183481961488724
0.9349865913391113
0.32820865511894226
0.20694813132286072
0.5116511583328247
-0.113085456
-0.21092321
-1.0830991
0.0
0.21268396079540253
0.42334213852882385
0.33762413263320923
0.05387480556964874
0.04779503867030144
0.3428526222705841
0.04680801182985306
0.041568607091903687
0.37967079877853394
0.050494685769081116
0.04519031196832657
0.6081140041351318
0.0686287134885788
0.06183771416544914
0.9352534413337708
0.32789599895477295
0.20699946582317352
0.5116169452667236
-0.11388955
-0.21035486
-1.0789787
0.0
0.21246105432510376
0.42224231362342834
0.3382238745689392
0.05385155603289604
0.04778630658984184
0.3433501124382019
0.04633300378918648
0.04115345701575279
0.37920284271240234
0.050539541989564896
0.04522855952382088
0.60798579454422
0.06872859597206116
0.06192445755004883
0.9354537129402161
0.32748693227767944
0.2070673257112503
0.511498212814331
-0.114045836
-0.20986654
-1.0774047
0.0
0.2122110277414322
0.42128294706344604
0.3382064700126648
0.05386926978826523
0.04780127480626106
0.34383705258369446
0.04609690234065056
0.040945760905742645
0.3792007267475128
0.05054543912410736
0.0452338308095932
0.6077215075492859
0.06885173171758652
0.062034159898757935
0.9353528022766113
0.32738593220710754
0.20706239342689514
0.5112927556037903
-0.11436307
-0.20927069
-1.0750108
0.0
0.21160854399204254
0.42066481709480286
0.3386665880680084
0.053755126893520355
0.04770512878894806
0.344246506690979
0.045919351279735565
0.04079696908593178
0.37919074296951294
0.050543081015348434
0.04522855952382088
0.6072441935539246
0.06909389048814774
0.06224244832992554
0.9345442652702332
0.3270960748195648
0.2071102261543274
0.5109474062919617
-0.11448265
-0.20868243
-1.0733548
0.0
0.21118073165416718
0.42083263397216797
0.33978307247161865
0.05348041653633118
0.04747835546731949
0.3447646498680115
0.04572286084294319
0.04062855988740921
0.379321813583374
0.05054543912410736
0.045235149562358856
0.6067555546760559
0.06951650977134705
0.06261314451694489
0.9335134625434875
0.3267176151275635
0.207183837890625
0.5106542110443115
-0.114705734
-0.20796597
-1.0710431
0.0
0.21077115833759308
0.4219188690185547
0.3415279984474182
0.053039271384477615
0.04711148142814636
0.34539633989334106
0.04578801617026329
0.04069600626826286
0.37937459349632263
0.050513576716184616
0.04520614072680473
0.6063731908798218
0.06983328610658646
0.06289257109165192
0.9316985607147217
0.3261999785900116
0.207175150513649
0.5103656053543091
-0.11678523
-0.2075091
-1.0624192
0.0
0.2104952037334442
0.4232539236545563
0.341991662979126
0.052922215312719345
0.047012656927108765
0.3457825779914856
0.045954398810863495
0.040846627205610275
0.379373162984848
0.050513576716184616
0.04520482197403908
0.6060372591018677
0.07016224414110184
0.06318682432174683
0.9306973814964294
0.32592570781707764
0.20722411572933197
0.5101068615913391
-0.11923898
-0.20676416
-1.0518538
0.0
0.2102919965982437
0.42489367723464966
0.3423810303211212
0.0528816357254982
0.04698347672820091
0.3459007143974304
0.0460464283823967
0.04092974215745926
0.37920331954956055
0.05054543912410736
0.04523119702935219
0.6055591106414795
0.07042277604341507
0.06341014057397842
0.9297981262207031
0.3257678151130676
0.20721252262592316
0.5098302960395813
-0.11982648
-0.20634174
-1.048805
0.0
0.21022288501262665
0.4260731637477875
0.34271499514579773
0.052808284759521484
0.04692251980304718
0.34590616822242737
0.04605419561266899
0.04093556851148605
0.3790709376335144
0.05057256668806076
0.04525360092520714
0.6052802205085754
0.0705505758523941
0.0635182186961174
0.9293928146362305
0.3256709575653076
0.207175150513649
0.50966477394104
-0.1210613
-0.20593552
-1.0434378
0.0
0.2102537304162979
0.42679354548454285
0.34281644225120544
0.052711084485054016
0.04683857411146164
0.3459320068359375
0.04605937376618385
0.04094139114022255
0.3790150582790375
0.050573743879795074
0.045254915952682495
0.6051809787750244
0.0705438107252121
0.06351164728403091
0.92929607629776
0.32551461458206177
0.20718064904212952
0.5095670223236084
-0.12351949
-0.20440847
-1.0311956
0.0
0.21051545441150665
0.42880335450172424
0.3428635895252228
0.05257401615381241
0.04671875759959221
0.3458107113838196
0.045905064791440964
0.04080573469400406
0.37620648741722107
0.05069739744067192
0.045328639447689056
0.6042530536651611
0.07041939347982407
0.06339320540428162
0.9290192127227783
0.3249378204345703
0.20658202469348907
0.5092242956161499
-0.12348483
-0.20429814
-1.031076
0.0
0.21064919233322144
0.42922908067703247
0.3429469168186188
0.052494559437036514
0.04665106534957886
0.34561511874198914
0.045807547867298126
0.040713582187891006
0.37604618072509766
0.05068327859044075
0.04531416669487953
0.6041169762611389
0.07029560208320618
0.06328397244215012
0.9289610981941223
0.3247811496257782
0.20661747455596924
0.5091090798377991
-0.12329475
-0.20415986
-1.0314549
0.0
0.21089504659175873
0.4298958480358124
0.3431747853755951
0.052299950271844864
0.04648204520344734
0.34538984298706055
0.04574372246861458
0.04065496474504471
0.37583431601524353
0.050656214356422424
0.0452878437936306
0.6037900447845459
0.07011206448078156
0.0631178766489029
0.9288784265518188
0.3245380222797394
0.20663605630397797
0.5088357329368591
-0.12294446
-0.20399803
-1.0323616
0.0
0.21131718158721924
0.43094995617866516
0.3432096838951111
0.05215837433934212
0.046357449144124985
0.34576112031936646
0.045725468546152115
0.04064469784498215
0.37574905157089233
0.050618529319763184
0.04525360092520714
0.6033787131309509
0.07009334117174149
0.06309330463409424
0.9288559556007385
0.3243735134601593
0.2066616266965866
0.5085570812225342
-0.12275019
-0.20385765
-1.0327532
0.0
0.21172599494457245
0.4312650263309479
0.34326884150505066
0.052021000534296036
0.046233806759119034
0.34594273567199707
0.04575936123728752
0.04067842289805412
0.37491574883461
0.05052774026989937
0.0451599545776844
0.6030427813529968
0.07014353573322296
0.06313488632440567
0.9289005994796753
0.3242732584476471
0.2065962553024292
0.5083041191101074
-0.122631125
-0.20369908
-1.0328325
0.0
0.21226677298545837
0.43143653869628906
0.3433263897895813
0.05189935117959976
0.046127934008836746
0.3460833430290222
0.045785412192344666
0.040701866149902344
0.37415897846221924
0.050573743879795074
0.04518767446279526
0.6026611924171448
0.07016479223966599
0.06314999610185623
0.9290876984596252
0.32416248321533203
0.2064829021692276
0.508087158203125
-0.12250528
-0.20354344
-1.032943
0.0
0.21288886666297913
0.43128514289855957
0.34341296553611755
0.051823463290929794
0.04606325924396515
0.34620770812034607
0.045755449682474136
0.04067842289805412
0.37398555874824524
0.05064915120601654
0.04525360092520714
0.6021697521209717
0.07025400549173355
0.06322456896305084
0.9292494654655457
0.3240149915218353
0.20644249022006989
0.5078155994415283
-0.12242858
-0.20340748
-1.032919
0.0
0.21362194418907166
0.4309295415878296
0.3435317277908325
0.051704809069633484
0.04595829173922539
0.346340149641037
0.0457567535340786
0.04068281874060631
0.3739084005355835
0.050653859972953796
0.04526018723845482
0.6013627052307129
0.07051505148410797
0.06344775855541229
0.9296334981918335
0.3237801492214203
0.20648261904716492
0.5073644518852234
-0.12229426
-0.20321761
-1.0329845
0.0
0.21446013450622559
0.4301123321056366
0.3436099588871002
0.05165865644812584
0.04592065140604973
0.3463859558105469
0.045785412192344666
0.04070625826716423
0.3736570179462433
0.05065150558948517
0.04525228217244148
0.6007860898971558
0.07084000110626221
0.06372634321451187
0.9301831126213074
0.3236285448074341
0.2064218372106552
0.5070807933807373
-0.12222395
-0.20304355
-1.0328524
0.0
0.21523790061473846
0.4293326139450073
0.34361720085144043
0.051606684923172
0.045872583985328674
0.3463684022426605
0.045794527977705
0.040713582187891006
0.37333160638809204
0.05048169568181038
0.04510050266981125
0.6006067991256714
0.0708560049533844
0.06373757123947144
0.9308843612670898
0.3234294354915619
0.20643027126789093
0.5069693326950073
-0.12192989
-0.20305312
-1.0339435
0.0
0.21549616754055023
0.4287206530570984
0.34373342990875244
0.05151994898915291
0.04579843208193779
0.34635400772094727
0.04577759653329849
0.04070040211081505
0.37266260385513306
0.05034448578953743
0.04496545344591141
0.6004673838615417
0.07079030573368073
0.06367671489715576
0.9309423565864563
0.3233031928539276
0.20643027126789093
0.5068283677101135
-0.121922225
-0.20302045
-1.0338988
0.0
0.21590442955493927
0.42750415205955505
0.34373077750205994
0.05150258541107178
0.0457841120660305
0.3462275564670563
0.04573459550738335
0.0406578965485096
0.372021347284317
0.05012369900941849
0.04476211220026016
0.6000842452049255
0.07078524678945541
0.06366454064846039
0.930995523929596
0.32327672839164734
0.20644569396972656
0.5065404772758484
-0.121882826
-0.2029475
-1.0338799
0.0
0.21663910150527954
0.42425644397735596
0.34374475479125977
0.051481738686561584
0.04576457291841507
0.3458884060382843
0.045687638223171234
0.040612414479255676
0.37134337425231934
0.04997238516807556
0.044618021696805954
0.5996693968772888
0.07069079577922821
0.06356796622276306
0.931159257888794
0.323233962059021
0.20632876455783844
0.5064054131507874
-0.121840514
-0.20285735
-1.0338333
0.0
0.2170502245426178
0.42134299874305725
0.34373801946640015
0.05142263323068619
0.0457124263048172
0.3456091284751892
0.0456419363617897
0.04056687653064728
0.3704102337360382
0.04990193247795105
0.04454178735613823
0.5993549227714539
0.07071104645729065
0.0635782927274704
0.9313571453094482
0.3231664001941681
0.20622283220291138
0.5061917901039124
-0.1211936
-0.2026019
-1.0356253
0.0
0.21740974485874176
0.4192081093788147
0.3438190221786499
0.051228608936071396
0.0455438531935215
0.3454602360725403
0.045716337859630585
0.0406314916908741
0.36873653531074524
0.04956863075494766
0.044219352304935455
0.5988004803657532
0.07098974287509918
0.06381051987409592
0.9314985275268555
0.3229290843009949
0.2062557190656662
0.5057719349861145
-0.12063486
-0.20236129
-1.0371354
0.0
0.21733374893665314
0.41769078373908997
0.34392526745796204
0.05110274255275726
0.04543374851346016
0.34523487091064453
0.045876480638980865
0.04077065363526344
0.366583913564682
0.04936128854751587
0.04400308430194855
0.598188042640686
0.0710720419883728
0.06386937946081161
0.9315308928489685
0.3226802945137024
0.20631828904151917
0.5052862763404846
-0.12022151
-0.20220415
-1.0383028
0.0
0.21713297069072723
0.4162931442260742
0.3441074788570404
0.05092155560851097
0.04527599364519119
0.3450654149055481
0.0459725596010685
0.040852464735507965
0.3648957908153534
0.04947350546717644
0.04408024996519089
0.5974575877189636
0.07125646620988846
0.06401117146015167
0.931279182434082
0.32251542806625366
0.20637153089046478
0.5048326849937439
-0.119946264
-0.20208985
-1.0390606
0.0
0.21706600487232208
0.4153958857059479
0.3443030118942261
0.05072091519832611
0.04510050266981125
0.34485670924186707
0.046055492013692856
0.04092245548963547
0.36391323804855347
0.04938061162829399
0.0439813993871212
0.596578061580658
0.07152052968740463
0.06421583890914917
0.9310803413391113
0.3225584924221039
0.206330806016922
0.504387378692627
-0.119669795
-0.20203128
-1.0399481
0.0
0.21693533658981323
0.4151379466056824
0.3445594906806946
0.05060439184308052
0.044998589903116226
0.34493938088417053
0.04606067016720772
0.04092828556895256
0.36338940262794495
0.04964796081185341
0.044207215309143066
0.5954887270927429
0.07214505225419998
0.06474126875400543
0.9309009313583374
0.32254326343536377
0.20637589693069458
0.5039134621620178
-0.11957602
-0.2019177
-1.0400413
0.0
0.21647155284881592
0.41394901275634766
0.34564608335494995
0.05004988610744476
0.04452170059084892
0.3451513946056366
0.04612276330590248
0.04098505526781082
0.3604285418987274
0.05084069073200226
0.045220647007226944
0.5929290652275085
0.07428961992263794
0.06656736880540848
0.9313202500343323
0.32253873348236084
0.20630839467048645
0.50300133228302
-0.11962076
-0.2018604
-1.039749
0.0
0.2162047028541565
0.41359782218933105
0.345569372177124
0.05014629662036896
0.044603317975997925
0.3451066315174103
0.04618090018630028
0.04103448614478111
0.3599223494529724
0.050823092460632324
0.045196909457445145
0.5922066569328308
0.07502560317516327
0.06719879806041718
0.9313318729400635
0.3224533498287201
0.20621031522750854
0.5029408931732178
-0.119195886
-0.20167789
-1.040911
0.0
0.2160501629114151
0.41373422741889954
0.3455163836479187
0.05025320127606392
0.04470079764723778
0.344802588224411
0.046138275414705276
0.040995240211486816
0.3589337468147278
0.050763219594955444
0.045129578560590744
0.591637909412384
0.07517019659280777
0.0673016831278801
0.931330144405365
0.3223783075809479
0.20610462129116058
0.503032386302948
-0.1188477
-0.20143098
-1.0416497
0.0
0.21585015952587128
0.41385385394096375
0.3453579545021057
0.05034448578953743
0.044780757278203964
0.34442606568336487
0.046082671731710434
0.04094284772872925
0.35820135474205017
0.05091101676225662
0.04524964839220047
0.5912653803825378
0.07507568597793579
0.06720412522554398
0.9314433336257935
0.32225221395492554
0.20597030222415924
0.5030816793441772
-0.11856255
-0.20118597
-1.0421612
0.0
0.21565471589565277
0.41403716802597046
0.3449607193470001
0.05040012300014496
0.04482600465416908
0.3438688814640045
0.04600367695093155
0.04086559638381004
0.35711851716041565
0.051260028034448624
0.04554254561662674
0.5910515785217285
0.07498106360435486
0.06711352616548538
0.931689977645874
0.32196545600891113
0.20573876798152924
0.503326416015625
-0.11781154
-0.20070204
-1.0438753
0.0
0.2154986709356308
0.41412606835365295
0.3445337414741516
0.05049114301800728
0.044901758432388306
0.3436049818992615
0.04600626975297928
0.040864136070013046
0.3556722104549408
0.05135881528258324
0.04561318829655647
0.5908190011978149
0.07500254362821579
0.06712685525417328
0.9321600198745728
0.3216971158981323
0.20554494857788086
0.5034603476524353
-0.11717714
-0.20039369
-1.0455558
0.0
0.2151404768228531
0.41403302550315857
0.3439381718635559
0.050513576716184616
0.044916361570358276
0.3434705138206482
0.04604513198137283
0.040899138897657394
0.35435840487480164
0.051323968917131424
0.04556610435247421
0.5907097458839417
0.07493967562913895
0.0670655146241188
0.9328194856643677
0.3214270770549774
0.20531119406223297
0.5036391019821167
-0.11730592
-0.20028059
-1.0448229
0.0
0.21477246284484863
0.4127827286720276
0.3432679772377014
0.05042850971221924
0.044831324368715286
0.3434138596057892
0.04610983282327652
0.04095449671149254
0.35375306010246277
0.05113890394568443
0.04539304971694946
0.5906382203102112
0.07489030063152313
0.06701924651861191
0.9335753917694092
0.3212079405784607
0.20519450306892395
0.5037119388580322
-0.11692103
-0.19987267
-1.0453537
0.0
0.2145981639623642
0.4125553369522095
0.34326407313346863
0.05038474127650261
0.04479407146573067
0.34332215785980225
0.046198975294828415
0.04103158041834831
0.35263732075691223
0.05108056589961052
0.045328639447689056
0.5902127623558044
0.07484408468008041
0.06696582585573196
0.9336168766021729
0.3210848271846771
0.20504321157932281
0.5038207173347473
-0.11666793
-0.19952327
-1.0455228
0.0
0.21446068584918976
0.41248947381973267
0.3432704508304596
0.05037408694624901
0.044784750789403915
0.34331807494163513
0.04624541476368904
0.04107369855046272
0.35179242491722107
0.051258865743875504
0.04547572508454323
0.5897436141967773
0.07477469742298126
0.06688561290502548
0.9336053133010864
0.3210364878177643
0.2048657387495041
0.5039713382720947
-0.11702616
-0.19925432
-1.0435773
0.0
0.21429958939552307
0.4123308062553406
0.3432350158691406
0.050420232117176056
0.04482600465416908
0.3432554006576538
0.04628536477684975
0.04110562056303024
0.351529061794281
0.051420312374830246
0.04561449587345123
0.5894933342933655
0.07472441345453262
0.06683564931154251
0.9336104989051819
0.32097357511520386
0.2047622948884964
0.5040696859359741
-0.117492236
-0.19924705
-1.041815
0.0
0.213210791349411
0.4121018350124359
0.34324777126312256
0.05043678730726242
0.04483797401189804
0.3431781530380249
0.04628150165081024
0.04110562056303024
0.3511521816253662
0.05142379179596901
0.04560795798897743
0.5893999338150024
0.07465732097625732
0.06677136570215225
0.9327574372291565
0.3209465444087982
0.2047065794467926
0.5041050314903259
-0.11846741
-0.19932006
-1.0383373
0.0
0.21280111372470856
0.41224557161331177
0.3431602716445923
0.050504133105278015
0.04489511996507645
0.3431723117828369
0.04629566892981529
0.04111722111701965
0.3508816063404083
0.0513681024312973
0.045559562742710114
0.5893388986587524
0.07449732720851898
0.06663095951080322
0.9325820207595825
0.3209080100059509
0.20460863411426544
0.5041717886924744
-0.11826045
-0.19944008
-1.0393791
0.0
0.21262606978416443
0.4123882055282593
0.3427997827529907
0.05065503716468811
0.04502640664577484
0.34306833148002625
0.04633171856403351
0.04114910960197449
0.3504789173603058
0.051488690078258514
0.04565761238336563
0.5892932415008545
0.07439154386520386
0.06653779745101929
0.9326118230819702
0.3208191692829132
0.20448420941829681
0.5042661428451538
-0.11807962
-0.19947839
-1.0401398
0.0
0.21248139441013336
0.41245585680007935
0.34263941645622253
0.0507279671728611
0.045089926570653915
0.3428095281124115
0.046447400003671646
0.04124896600842476
0.3492738902568817
0.05150837451219559
0.04566022381186485
0.5892432332038879
0.07434340566396713
0.06649385392665863
0.9325827360153198
0.32075226306915283
0.20406314730644226
0.5046574473381042
-0.117565274
-0.19962646
-1.0423928
0.0
0.2122291475534439
0.412491112947464
0.3423190712928772
0.0507679209113121
0.04512165114283562
0.3420106768608093
0.04656663164496422
0.04134569317102432
0.3481513559818268
0.05151531845331192
0.04565499722957611
0.589162290096283
0.07418192923069
0.06635376811027527
0.9325651526451111
0.3205854892730713
0.20371726155281067
0.5047899484634399
-0.11789231
-0.19989875
-1.0417814
0.0
0.211778461933136
0.4124421775341034
0.34152355790138245
0.050944969058036804
0.04526940733194351
0.34156501293182373
0.046703439205884933
0.04145945608615875
0.3470489978790283
0.05140755698084831
0.04554777964949608
0.5891058444976807
0.07394753396511078
0.06615029275417328
0.9326484203338623
0.32040780782699585
0.20338231325149536
0.5049502849578857
-0.118472055
-0.20007837
-1.0400243
0.0
0.21113352477550507
0.41222622990608215
0.3409639596939087
0.05097188428044319
0.045282576233148575
0.3406388461589813
0.04696189612150192
0.04167604073882103
0.34575143456459045
0.05123559385538101
0.04537465423345566
0.5890397429466248
0.07362573593854904
0.06586383283138275
0.9329248666763306
0.3203154504299164
0.20304562151432037
0.5051551461219788
-0.11885515
-0.200124
-1.038703
0.0
0.21065203845500946
0.4122689366340637
0.34072145819664
0.05103618651628494
0.045337844640016556
0.3395501375198364
0.047091223299503326
0.04177606478333473
0.3438524305820465
0.05101047456264496
0.04515071213245392
0.5889526009559631
0.07354466617107391
0.06579496711492538
0.9329522848129272
0.320183664560318
0.20285962522029877
0.5053237080574036
-0.119791664
-0.20033121
-1.0356985
0.0
0.20977167785167694
0.4125227630138397
0.34032490849494934
0.05117154121398926
0.045450806617736816
0.3386278450489044
0.04719114676117897
0.04185305908322334
0.34290704131126404
0.05088289827108383
0.04502640664577484
0.5886781215667725
0.07340013235807419
0.06565793603658676
0.9327766299247742
0.3198879361152649
0.20265330374240875
0.5054591298103333
-0.1195824
-0.20030577
-1.0364153
0.0
0.20880946516990662
0.4125424027442932
0.340182363986969
0.051287941634655
0.045555636286735535
0.337826669216156
0.04752982035279274
0.04214266687631607
0.34213611483573914
0.050841864198446274
0.04497871175408363
0.5880693793296814
0.07329113781452179
0.06554882973432541
0.9319875836372375
0.319612592458725
0.20246605575084686
0.5053902864456177
-0.119701535
-0.2003179
-1.0360019
0.0
0.20826907455921173
0.41277262568473816
0.34005266427993774
0.05143306776881218
0.04568111151456833
0.3376120626926422
0.047826219350099564
0.0424007810652256
0.3417854309082031
0.05079257860779762
0.04493096098303795
0.586844801902771
0.07321539521217346
0.06545230001211166
0.9314801096916199
0.319410115480423
0.20236200094223022
0.5050975680351257
-0.119274735
-0.20023547
-1.0373967
0.0
0.2075902670621872
0.41272714734077454
0.3400701582431793
0.05144350230693817
0.04569155350327492
0.33735933899879456
0.048055071383714676
0.042601387947797775
0.34157535433769226
0.05072091519832611
0.044865891337394714
0.5850502848625183
0.07369700819253922
0.06582669168710709
0.9307721257209778
0.3192221522331238
0.2023240327835083
0.5046500563621521
-0.11886703
-0.20057856
-1.0396773
0.0
0.20730000734329224
0.4128287732601166
0.34007731080055237
0.051462046802043915
0.04570590332150459
0.337255597114563
0.048135656863451004
0.04267130792140961
0.34134751558303833
0.050673868507146835
0.04482068493962288
0.5840688943862915
0.07394107431173325
0.06601941585540771
0.9305344223976135
0.31905990839004517
0.202273890376091
0.5044705271720886
-0.11830138
-0.20043887
-1.0414658
0.0
0.20667557418346405
0.41308748722076416
0.34008482098579407
0.051470156759023666
0.045716337859630585
0.337342232465744
0.04822847619652748
0.042755063623189926
0.3405715823173523
0.0506197065114975
0.04476211220026016
0.582557737827301
0.07433538138866425
0.06631959974765778
0.9297647476196289
0.31895536184310913
0.20195530354976654
0.5044515132904053
-0.119419955
-0.20026837
-1.0369326
0.0
0.20659887790679932
0.41318148374557495
0.340053915977478
0.05147247388958931
0.045718949288129807
0.33746016025543213
0.04836674779653549
0.04288038611412048
0.33974069356918335
0.050789058208465576
0.04490441456437111
0.5813166499137878
0.07483531534671783
0.0667266845703125
0.9297434687614441
0.31886982917785645
0.2015504688024521
0.5044348835945129
-0.1199642
-0.2003247
-1.0350462
0.0
0.2066441923379898
0.41330304741859436
0.3399956524372101
0.05151068791747093
0.045748934149742126
0.3375524878501892
0.04847511649131775
0.04297899454832077
0.33957377076148987
0.05088641121983528
0.04498666152358055
0.5805599689483643
0.07518606632947922
0.06701746582984924
0.9299278855323792
0.3188112676143646
0.20135237276554108
0.5043602585792542
-0.11956437
-0.20047583
-1.036864
0.0
0.20674178004264832
0.41352203488349915
0.3400101363658905
0.05155118927359581
0.045785412192344666
0.33759063482284546
0.04853535071015358
0.043033063411712646
0.33955711126327515
0.05096135288476944
0.04505288228392601
0.5801113247871399
0.07544746994972229
0.06723783910274506
0.9301702380180359
0.3187595307826996
0.20127636194229126
0.5042766332626343
-0.119372346
-0.20046827
-1.0375577
0.0
0.20679926872253418
0.41368767619132996
0.3399145007133484
0.05168865993618965
0.045908961445093155
0.33766046166419983
0.04882320761680603
0.043291378766298294
0.3394286036491394
0.05101748928427696
0.0451018251478672
0.5797606110572815
0.07562676072120667
0.06738760322332382
0.9302870035171509
0.3185999095439911
0.20116154849529266
0.5043376684188843
-0.11915248
-0.20043167
-1.03829
0.0
0.20677661895751953
0.414109468460083
0.3399409353733063
0.05171749368309975
0.04593363404273987
0.3371002674102783
0.049838561564683914
0.04418158158659935
0.3389018774032593
0.05128910392522812
0.045337844640016556
0.5794695019721985
0.07575917989015579
0.0674910917878151
0.9301902055740356
0.3181610107421875
0.20119614899158478
0.5046273469924927
-0.11865267
-0.2004766
-1.0402447
0.0
0.20683032274246216
0.4143190383911133
0.33989089727401733
0.05185336992144585
0.04605419561266899
0.33698347210884094
0.0502970851957798
0.04458727687597275
0.3383531868457794
0.051371585577726364
0.04540092870593071
0.5792374014854431
0.07598486542701721
0.06768524646759033
0.9302534461021423
0.31787222623825073
0.20108307898044586
0.5048244595527649
-0.118343055
-0.20054598
-1.04155
0.0
0.20695771276950836
0.4145422577857971
0.33938902616500854
0.05219951644539833
0.04635230451822281
0.3369840383529663
0.050638552755117416
0.04488980397582054
0.337293416261673
0.05201297625899315
0.0459505058825016
0.578942596912384
0.07609470933675766
0.06777331978082657
0.9303605556488037
0.3174231946468353
0.20081192255020142
0.5051965117454529
-0.11799668
-0.20068285
-1.0431434
0.0
0.20716269314289093
0.41459596157073975
0.3388473689556122
0.05269524082541466
0.0467863529920578
0.33699503540992737
0.05099644511938095
0.04520614072680473
0.33687928318977356
0.052233777940273285
0.04614214971661568
0.5786848068237305
0.0761166587471962
0.06778740137815475
0.9299047589302063
0.3170028030872345
0.20062866806983948
0.5054472088813782
-0.11774166
-0.20095162
-1.0446903
0.0
0.20750291645526886
0.4150601923465729
0.33867913484573364
0.052874866873025894
0.046944115310907364
0.33688485622406006
0.05126817151904106
0.0454481840133667
0.3364854156970978
0.0522896870970726
0.04618864879012108
0.5785288214683533
0.07598879188299179
0.06766586005687714
0.9291465878486633
0.31668367981910706
0.20057153701782227
0.5056837201118469
-0.11330544
-0.20207171
-1.0637822
0.0
0.20995250344276428
0.41469788551330566
0.32444867491722107
0.05217437818646431
0.04613310471177101
0.31270620226860046
0.050687987357378006
0.04462737590074539
0.33031049370765686
0.053442493081092834
0.047106415033340454
0.5791717767715454
0.07553361356258392
0.06712418794631958
0.9304574131965637
0.30991166830062866
0.208133265376091
0.5099488496780396
-0.11325986
-0.20201747
-1.0638373
0.0
0.21001970767974854
0.4146970212459564
0.32391369342803955
0.05203131586313248
0.045997194945812225
0.31251782178878784
0.05059025064110756
0.04454044625163078
0.33019688725471497
0.05357399955391884
0.04722272604703903
0.5791944861412048
0.07549490034580231
0.06709041446447372
0.9309629201889038
0.3095884323120117
0.20825985074043274
0.5100978016853333
-0.11324451
-0.20199534
-1.0638475
0.0
0.210121750831604
0.4148257076740265
0.3235291838645935
0.05206339433789253
0.04602181911468506
0.3123921751976013
0.05053718015551567
0.044490888714790344
0.33009999990463257
0.053642965853214264
0.047282032668590546
0.5792657136917114
0.07548462599515915
0.06708329916000366
0.9314508438110352
0.30939605832099915
0.2082935869693756
0.5102109909057617
-0.113125406
-0.20183928
-1.0639609
0.0
0.21044041216373444
0.41464686393737793
0.3228781819343567
0.05208515375852585
0.046033475548028946
0.31164678931236267
0.05057846009731293
0.04451768472790718
0.3295355439186096
0.053719617426395416
0.04734504595398903
0.5797356367111206
0.07547672092914581
0.06708952784538269
0.932517945766449
0.3089539408683777
0.2084382325410843
0.51058030128479
-0.112042
-0.20152965
-1.0674026
0.0
0.21030683815479279
0.4151436984539032
0.32286521792411804
0.05203704535961151
0.04598812013864517
0.31077104806900024
0.05090633034706116
0.04479273781180382
0.32869699597358704
0.05368519201874733
0.047302208840847015
0.5797348618507385
0.07550359517335892
0.06711530685424805
0.9322710037231445
0.3085828423500061
0.20862680673599243
0.5108180642127991
-0.11197425
-0.2013619
-1.0672988
0.0
0.21030627191066742
0.41536325216293335
0.32284998893737793
0.05202329158782959
0.045977745205163956
0.31044769287109375
0.05106772482395172
0.04493096098303795
0.3284010887145996
0.05364629998803139
0.047268159687519073
0.5797156691551208
0.07549964636564255
0.06710908561944962
0.9322986006736755
0.3083939850330353
0.2087528258562088
0.5109275579452515
-0.111429185
-0.20111388
-1.0688416
0.0
0.2103225439786911
0.41660523414611816
0.3228197395801544
0.05200953409075737
0.04596737027168274
0.30975624918937683
0.0513622984290123
0.04518239572644234
0.3279668986797333
0.053690746426582336
0.04730094596743584
0.5797066688537598
0.07544984668493271
0.06706106662750244
0.9320826530456543
0.3080644905567169
0.20901380479335785
0.5111116766929626
-0.11131567
-0.20080903
-1.0686176
0.0
0.2103433758020401
0.4170551300048828
0.32281917333602905
0.05200839042663574
0.04596477746963501
0.30905547738075256
0.05120183154940605
0.045031704008579254
0.32774126529693604
0.05359291657805443
0.047211360186338425
0.5797141790390015
0.07537943124771118
0.06699788570404053
0.9321352243423462
0.3078869581222534
0.20912006497383118
0.5112509727478027
-0.111286215
-0.20045376
-1.0679624
0.0
0.21055708825588226
0.4176790416240692
0.3228139281272888
0.05198201164603233
0.045938823372125626
0.30834704637527466
0.050962526351213455
0.04481536149978638
0.3273903727531433
0.05346926674246788
0.04709755629301071
0.5797097086906433
0.0752907395362854
0.06691592931747437
0.9323762655258179
0.30775219202041626
0.20918408036231995
0.5113897323608398
-0.11125339
-0.20012978
-1.0673862
0.0
0.21077172458171844
0.4185788631439209
0.32281070947647095
0.0519762746989727
0.045936230570077896
0.307824969291687
0.05081136152148247
0.0446714423596859
0.3270745575428009
0.05336544290184975
0.04700377583503723
0.579858124256134
0.07475155591964722
0.0664382129907608
0.932674765586853
0.3075043559074402
0.20931579172611237
0.5117088556289673
-0.11113678
-0.19986351
-1.067255
0.0
0.2108922004699707
0.4201299846172333
0.3228052854537964
0.05193839967250824
0.045902468264102936
0.30718615651130676
0.05053718015551567
0.04442651569843292
0.3266039490699768
0.05339784175157547
0.047022800892591476
0.5798836946487427
0.07444605231285095
0.06616652011871338
0.9324713349342346
0.30734068155288696
0.2092856764793396
0.5120065212249756
-0.1111641
-0.19961515
-1.0666103
0.0
0.21105416119098663
0.4208720326423645
0.32284849882125854
0.05186716839671135
0.04583877697587013
0.30658063292503357
0.05039065703749657
0.044288065284490585
0.3261015713214874
0.05316392332315445
0.046813108026981354
0.5799192786216736
0.07395156472921371
0.06572966277599335
0.9324406981468201
0.30722182989120483
0.20928193628787994
0.5123265981674194
-0.111346655
-0.19936834
-1.0653721
0.0
0.21128591895103455
0.42154058814048767
0.322771817445755
0.05182461068034172
0.04579843208193779
0.3060433864593506
0.05022827908396721
0.044141076505184174
0.3258601725101471
0.052993156015872955
0.046661291271448135
0.5801844000816345
0.07275520265102386
0.06467029452323914
0.9325774908065796
0.3070700466632843
0.20939035713672638
0.512779712677002
-0.11142632
-0.19914292
-1.064574
0.0
0.21163493394851685
0.42245084047317505
0.32226821780204773
0.05173478648066521
0.04571112245321274
0.30562448501586914
0.05002724379301071
0.0439610593020916
0.3256593942642212
0.052851177752017975
0.04653332754969597
0.5801745057106018
0.07255320996046066
0.06448833644390106
0.9327611327171326
0.30689549446105957
0.20960187911987305
0.5129813551902771
-0.11148724
-0.19892865
-1.0638711
0.0
0.21217027306556702
0.4237741529941559
0.3211299777030945
0.05174976587295532
0.04571112245321274
0.30534446239471436
0.049820609390735626
0.043777577579021454
0.32547304034233093
0.05267486721277237
0.04637288302183151
0.5801786184310913
0.07236796617507935
0.06432164460420609
0.933381199836731
0.3067018687725067
0.20973418653011322
0.5132393836975098
-0.11155226
-0.19875064
-1.0632312
0.0
0.2129664272069931
0.4247487783432007
0.31981590390205383
0.05168404430150986
0.04563148319721222
0.30517229437828064
0.04975593835115433
0.04372033849358559
0.3254268169403076
0.05240701884031296
0.046138275414705276
0.58017897605896
0.07200102508068085
0.06399812549352646
0.9347575902938843
0.30649489164352417
0.20965887606143951
0.5137621164321899
-0.11127475
-0.19859135
-1.063948
0.0
0.21337749063968658
0.4249451458454132
0.31940004229545593
0.05166904255747795
0.04561318829655647
0.30508700013160706
0.04963114485144615
0.04361110180616379
0.32508528232574463
0.05217323452234268
0.04592714086174965
0.580449104309082
0.07119029760360718
0.0632820874452591
0.9352428913116455
0.30628761649131775
0.20967376232147217
0.5144025683403015
-0.11100507
-0.1984381
-1.0646496
0.0
0.21350888907909393
0.4249075651168823
0.3194393515586853
0.0515916608273983
0.04554254561662674
0.30515384674072266
0.049545768648386
0.04353858157992363
0.3247443437576294
0.052027877420186996
0.04579973593354225
0.5804761648178101
0.07091323286294937
0.06303466856479645
0.935253918170929
0.30601152777671814
0.20981146395206451
0.5147926807403564
-0.11070453
-0.19828027
-1.0654619
0.0
0.21362841129302979
0.4249075651168823
0.3194619417190552
0.05157778784632683
0.045532070100307465
0.3059278130531311
0.049367327243089676
0.0433904305100441
0.3246243894100189
0.05194414034485817
0.04572416469454765
0.5805057287216187
0.07075237482786179
0.0628906786441803
0.9353126287460327
0.3054509162902832
0.2101614624261856
0.5151288509368896
-0.11050716
-0.19811326
-1.0658574
0.0
0.21372932195663452
0.4249264895915985
0.3195332884788513
0.051554661244153976
0.04551111161708832
0.3060307204723358
0.04932865872979164
0.043360188603401184
0.3241111934185028
0.05191773176193237
0.04569285735487938
0.5806828737258911
0.07037109136581421
0.06255214661359787
0.9354183077812195
0.30518877506256104
0.21017946302890778
0.515601396560669
-0.110358715
-0.19782753
-1.0658038
0.0
0.21386022865772247
0.42501670122146606
0.319573312997818
0.051567383110523224
0.04552290216088295
0.3061901330947876
0.04930810630321503
0.04334643483161926
0.32381612062454224
0.05189130827784538
0.04567066952586174
0.5806941390037537
0.07021493464708328
0.062413737177848816
0.9355559945106506
0.3050268590450287
0.2101648896932602
0.5158975720405579
-0.11008305
-0.19744803
-1.0660368
0.0
0.21430210769176483
0.4253671169281006
0.3196198046207428
0.051625169813632965
0.04557526484131813
0.30616265535354614
0.04926333948969841
0.04330790415406227
0.32411643862724304
0.05184992030262947
0.04564063251018524
0.5806559324264526
0.07010865956544876
0.0623171441257
0.9360873103141785
0.3049458861351013
0.21014146506786346
0.5161805152893066
-0.10963311
-0.19699731
-1.0667912
0.0
0.21468378603458405
0.4257335662841797
0.3196484446525574
0.051657501608133316
0.04560272768139839
0.3060305118560791
0.04915307089686394
0.043210044503211975
0.32450607419013977
0.05171864479780197
0.045530758798122406
0.5805836319923401
0.07021153718233109
0.06240417808294296
0.9365983009338379
0.30484679341316223
0.21005485951900482
0.5164153575897217
-0.10916031
-0.19614112
-1.0667433
0.0
0.2147584855556488
0.4265168607234955
0.31967365741729736
0.051670197397470474
0.04561711102724075
0.30596303939819336
0.049102094024419785
0.043167248368263245
0.3244383931159973
0.05165865644812584
0.045479658991098404
0.5805046558380127
0.07046850770711899
0.06263314187526703
0.9365466833114624
0.30479317903518677
0.21003484725952148
0.5164445638656616
-0.1089351
-0.19474123
-1.0645127
0.0
0.21488738059997559
0.4271191358566284
0.3196398913860321
0.05167827382683754
0.045621030032634735
0.3059416711330414
0.04906929284334183
0.04313270375132561
0.32382211089134216
0.0517958402633667
0.04559226706624031
0.5805268287658691
0.07060550898313522
0.06275776773691177
0.9367828965187073
0.30472344160079956
0.20974105596542358
0.516659140586853
-0.10719643
-0.19362351
-1.068874
0.0
0.21480713784694672
0.427775502204895
0.3196520507335663
0.051671352237463
0.04561318829655647
0.3058500289916992
0.048995111137628555
0.04307045787572861
0.3234202563762665
0.051816556602716446
0.04560534283518791
0.580471396446228
0.07071948051452637
0.06286221742630005
0.9365949034690857
0.3045670688152313
0.20948868989944458
0.516852617263794
-0.10557716
-0.19267678
-1.0732107
0.0
0.214646577835083
0.42933619022369385
0.31966856122016907
0.05168404430150986
0.045628871768713
0.30523836612701416
0.048831757158041
0.04291791096329689
0.3232022523880005
0.05186256766319275
0.045643243938684464
0.5803447365760803
0.07082316279411316
0.0629560798406601
0.9354680180549622
0.3042254149913788
0.20953311026096344
0.5169452428817749
-0.10532687
-0.19200574
-1.0727135
0.0
0.21430575847625732
0.43099772930145264
0.31963780522346497
0.05173248052597046
0.04566936194896698
0.3048763871192932
0.048656828701496124
0.04276203364133835
0.3226509690284729
0.051928065717220306
0.0456954687833786
0.5802523493766785
0.07092416286468506
0.06304602324962616
0.9342100024223328
0.30397340655326843
0.20928452908992767
0.5172341465950012
-0.10541443
-0.19149464
-1.0712141
0.0
0.21413500607013702
0.43336525559425354
0.3196216821670532
0.0517486147582531
0.04568372294306755
0.3046833276748657
0.04850585758686066
0.042626574635505676
0.3224097192287445
0.05188900977373123
0.04565891623497009
0.5801008939743042
0.07100150734186172
0.06311504542827606
0.9322972297668457
0.3038857579231262
0.20905689895153046
0.5173303484916687
-0.10584838
-0.19110912
-1.0686008
0.0
0.21397899091243744
0.43562835454940796
0.31958886981010437
0.05177856609225273
0.0457124263048172
0.3047115206718445
0.04828161001205444
0.04243030026555061
0.3218922019004822
0.05168865993618965
0.04547572508454323
0.5799295902252197
0.07112742215394974
0.06322456896305084
0.9303106665611267
0.3037855625152588
0.20884741842746735
0.5173572301864624
-0.106889635
-0.19097626
-1.064126
0.0
0.21321924030780792
0.4371541738510132
0.3195199966430664
0.05181080102920532
0.04573589935898781
0.30481860041618347
0.047929584980010986
0.042124271392822266
0.32052701711654663
0.0512821264564991
0.0451018251478672
0.5797019600868225
0.07122045755386353
0.06330282241106033
0.9280718564987183
0.30368492007255554
0.2085326761007309
0.5174598693847656
-0.10802927
-0.19075605
-1.0590739
0.0
0.2123946100473404
0.4383256435394287
0.31960803270339966
0.05170942097902298
0.04565108194947243
0.3048396408557892
0.047625068575143814
0.041855908930301666
0.3197318911552429
0.05108756944537163
0.044923000037670135
0.5794389247894287
0.07119700312614441
0.06328020244836807
0.9264645576477051
0.30353859066963196
0.20828378200531006
0.5174788236618042
-0.10911943
-0.19045971
-1.0540577
0.0
0.21194994449615479
0.4395596981048584
0.3192003071308136
0.05174976587295532
0.04567980766296387
0.3047715127468109
0.04759125038981438
0.04182456061244011
0.31918928027153015
0.05094965174794197
0.04479273781180382
0.5790929198265076
0.07115006446838379
0.06323211640119553
0.925523579120636
0.3031526803970337
0.2081122100353241
0.5174108147621155
-0.10921014
-0.19017631
-1.053042
0.0
0.21116138994693756
0.44072768092155457
0.3192540407180786
0.05158587917685509
0.04553861543536186
0.30426737666130066
0.047571200877428055
0.04179889336228371
0.31822940707206726
0.050635021179914474
0.044502947479486465
0.5785506367683411
0.0712539553642273
0.06330753117799759
0.923420786857605
0.30272191762924194
0.20795607566833496
0.5173916816711426
-0.10997876
-0.19021767
-1.0500922
0.0
0.21099753677845
0.44120192527770996
0.3191754221916199
0.05158587917685509
0.0455373078584671
0.30377838015556335
0.04748212546110153
0.04171321913599968
0.3175467252731323
0.05039539188146591
0.04428402706980705
0.5781174898147583
0.07118191570043564
0.06323306262493134
0.9233373403549194
0.30221205949783325
0.20790930092334747
0.5173230767250061
-0.11001099
-0.19033262
-1.0502319
0.0
0.21095626056194305
0.44126585125923157
0.31926828622817993
0.05156853795051575
0.04552421346306801
0.3029063940048218
0.04752730950713158
0.04174322634935379
0.317263126373291
0.05031605064868927
0.044211260974407196
0.5778955221176147
0.0710468590259552
0.06310748308897018
0.9236397743225098
0.3016706705093384
0.20801034569740295
0.5172746777534485
-0.10985742
-0.19045807
-1.0511304
0.0
0.21082812547683716
0.441596657037735
0.3192124664783478
0.051581256091594696
0.04553599655628204
0.30194440484046936
0.04731103032827377
0.041544217616319656
0.31725355982780457
0.05030064284801483
0.04419912025332451
0.5772338509559631
0.07100822776556015
0.06305642426013947
0.9238300919532776
0.3011474609375
0.2081635445356369
0.516978919506073
-0.109606594
-0.19063143
-1.0525242
0.0
0.2107563465833664
0.4419613480567932
0.3192187249660492
0.05155118927359581
0.04551111161708832
0.3013756275177002
0.047284554690122604
0.041514068841934204
0.31724172830581665
0.05029353126883507
0.04419237747788429
0.5769950151443481
0.07103090733289719
0.06307155638933182
0.923793613910675
0.30077606439590454
0.20822151005268097
0.5168442130088806
-0.1093624
-0.19080153
-1.0538839
0.0
0.2105950117111206
0.44235166907310486
0.31907984614372253
0.05150258541107178
0.04546785727143288
0.30085694789886475
0.04717851057648659
0.041416291147470474
0.31719279289245605
0.05019265040755272
0.04410053417086601
0.5766552090644836
0.07101494818925858
0.06305074691772461
0.9236724972724915
0.30020880699157715
0.20829617977142334
0.5167083740234375
-0.10889858
-0.19069321
-1.055473
0.0
0.21066486835479736
0.44324642419815063
0.31883636116981506
0.051562756299972534
0.04551766440272331
0.30074188113212585
0.04712160304188728
0.041361551731824875
0.3166770040988922
0.05010109022259712
0.04401527717709541
0.5765219330787659
0.071021668612957
0.06305169314146042
0.9235029816627502
0.2996346354484558
0.20823189616203308
0.5167149901390076
-0.10855976
-0.19049878
-1.0563711
0.0
0.21086087822914124
0.444037526845932
0.31857043504714966
0.051489848643541336
0.045450806617736816
0.30066218972206116
0.04705449193716049
0.04130096733570099
0.315944641828537
0.05018552020192146
0.044078897684812546
0.5762737989425659
0.07105525583028793
0.06307817995548248
0.9235445261001587
0.29916903376579285
0.20812979340553284
0.5166859030723572
-0.1081684
-0.19016515
-1.0571606
0.0
0.2112407237291336
0.4453052282333374
0.3183126449584961
0.05145277455449104
0.045416686683893204
0.3004642724990845
0.04706462845206261
0.04130962863564491
0.31548506021499634
0.05019383877515793
0.04408295452594757
0.5756860375404358
0.07120956480503082
0.06319909542798996
0.9233627915382385
0.29863446950912476
0.20813123881816864
0.5164391398429871
-0.10829149
-0.19014744
-1.0566292
0.0
0.21141207218170166
0.44569599628448486
0.3182307481765747
0.05143538862466812
0.045398302376270294
0.300335556268692
0.04704815521836281
0.04129374772310257
0.3147725462913513
0.05008799582719803
0.04397868737578392
0.575038731098175
0.07163304090499878
0.06355952471494675
0.9237103462219238
0.2981444299221039
0.20823822915554047
0.5159689784049988
-0.10875965
-0.1901814
-1.0548437
0.0
0.2117764800786972
0.4462287127971649
0.3179696500301361
0.05140755698084831
0.045370712876319885
0.3002898097038269
0.04703674837946892
0.04128219559788704
0.313252717256546
0.05009632930159569
0.04396512731909752
0.5741438269615173
0.07217811793088913
0.06401676684617996
0.9242311716079712
0.29748547077178955
0.20821978151798248
0.5154659748077393
-0.10917571
-0.19022943
-1.0533017
0.0
0.21202246844768524
0.44662079215049744
0.3178609609603882
0.05135068669915199
0.04531943053007126
0.300221711397171
0.04700504615902901
0.04125618934631348
0.312736451625824
0.04988161474466324
0.04376668110489845
0.5732347369194031
0.07243059575557709
0.06421398371458054
0.9246916174888611
0.2969190180301666
0.20826417207717896
0.5150336623191833
-0.11004634
-0.19022518
-1.0498425
0.0
0.21254611015319824
0.4471709728240967
0.31751254200935364
0.05133675038814545
0.045304957777261734
0.30015942454338074
0.046944115310907364
0.04119834303855896
0.3121366500854492
0.04982539638876915
0.0437135174870491
0.5730563402175903
0.07238610088825226
0.06417588889598846
0.9254927635192871
0.2962835729122162
0.20825006067752838
0.5149668455123901
-0.11036526
-0.19007048
-1.0482217
0.0
0.2133130133152008
0.4478972554206848
0.3168798089027405
0.051328618079423904
0.04529047757387161
0.30010053515434265
0.04690472409129143
0.04116649553179741
0.31165456771850586
0.0496731773018837
0.043571434915065765
0.572934091091156
0.07239187508821487
0.06417588889598846
0.926849365234375
0.2955690324306488
0.20823852717876434
0.514959454536438
-0.11051272
-0.18991058
-1.047266
0.0
0.2141745537519455
0.4483373463153839
0.31616249680519104
0.05133790895342827
0.04529047757387161
0.29994627833366394
0.04681820049881935
0.04108821228146553
0.3102845549583435
0.049632344394922256
0.04351666569709778
0.572902500629425
0.07235807925462723
0.06414521485567093
0.9285711646080017
0.2948417365550995
0.2083529531955719
0.5149188041687012
-0.11064739
-0.18972209
-1.0462934
0.0
0.21486808359622955
0.4478955864906311
0.31575408577919006
0.0514179952442646
0.0453549399971962
0.2996063530445099
0.04672003537416458
0.040999602526426315
0.3080057203769684
0.049583062529563904
0.043443985283374786
0.5728311538696289
0.07231272011995316
0.0641024261713028
0.9302161931991577
0.29425597190856934
0.2084094136953354
0.5149675607681274
-0.11076105
-0.18953055
-1.0453957
0.0
0.2154950499534607
0.44607195258140564
0.31420567631721497
0.051654037088155746
0.04554254561662674
0.299306720495224
0.046612706035375595
0.04090059548616409
0.3071078956127167
0.04946506768465042
0.043325796723365784
0.5726346373558044
0.07230859249830246
0.06409590691328049
0.9314913749694824
0.2934412360191345
0.2084580957889557
0.5149587392807007
