-19.00056699166667
216.60410308333334
45.37381432499997
0.022146591091725006
-0.8790760693333333
-0.47583704050000014
0.07278908439166663
0.47609644616666663
-0.8763233232500002
0.49767864083333335
0.025103020116833345
0.08289508443333338
-0.19224405250000007
0.12315509230000006
-0.9733803252500001
-15.696229162499998
196.2352665000001
91.5573405416667
32.301193749999996
165.4872305
334.58044883333355
48.19204999999996
18.725191
-41.98710213333335
186.35040275000017
87.61663261666669
-41.98710213333335
186.35040275000017
87.61663261666669
0.0
0.0
0.0
-41.98710213333335
186.35040275000017
87.61663261666669
-66.15253510000001
194.72294366666674
49.19550610833333
0.5235276962499998
-0.18138540458333333
0.8323676214166668
-66.15253510000001
194.72294366666674
49.19550610833333
-68.89176636666664
196.72572516666676
17.851942233333336
0.08688185942500004
-0.06352343172500001
0.9941428739166667
-68.89176636666664
196.72572516666676
17.851942233333336
-77.83489092500004
200.02977808333327
-1.572916436885001
0.413242851166667
-0.1526732675
0.8975816085000001
54.37935600000011
17.88630300000001
-34.23182515833335
206.84243508333344
88.10421713333336
-40.44261931666666
229.71862866666666
24.342102066666666
0.09129510887499999
-0.3362669136666666
0.9372664800000001
-40.44261931666666
229.71862866666666
24.342102066666666
-39.66105006666667
222.181203
-14.653709779166668
-0.01967332089166667
0.18972880124999997
0.9815856306666666
-39.66105006666667
222.181203
-14.653709779166668
-39.06619517500001
212.36060333333333
-34.719279666666665
-0.026614967383333334
0.43939279208333326
0.8977727513333333
-39.06619517500001
212.36060333333333
-34.719279666666665
-38.58830850833337
203.06523433333334
-47.47715834166666
-0.030247784037500017
0.5883491803333332
0.8075083053333331
61.96090999999985
17.566726999999958
-23.130556850000005
209.23581941666666
87.29871147500002
-20.175442375
231.21369491666673
26.718000999999994
-0.045805412391666675
-0.34066553400000016
0.9390243635833332
-20.175442375
231.21369491666673
26.718000999999994
-14.21732541666666
222.78436458333334
-16.636218675
-0.13367713765833336
0.1891216187500001
0.972701272416666
-14.21732541666666
222.78436458333334
-16.636218675
-12.421544991666666
211.34858649999998
-40.24270002499999
-0.06829318593333336
0.43490044191666666
0.8977499673333333
-12.421544991666666
211.34858649999998
-40.24270002499999
-12.043309383333336
201.22234141666658
-54.35254859166667
-0.021766477810499993
0.5827391467499999
0.8119851824166665
59.57707000000008
16.715854999999966
-11.795786683333334
208.6607124166667
86.83353694166665
-0.46157271643666664
228.06651066666657
33.44910230000001
-0.1956763821666666
-0.33502599883333334
0.9216407077499997
-0.46157271643666664
228.06651066666657
33.44910230000001
7.695505515833333
222.3204875833333
-6.63894308416667
-0.19743498633333328
0.13907750091666674
0.9702962835000003
7.695505515833333
222.3204875833333
-6.63894308416667
10.370209005833338
212.52821458333318
-30.156132116666654
-0.10441509160000005
0.38227082708333343
0.9180641858333333
10.370209005833338
212.52821458333318
-30.156132116666654
11.001121745833336
203.31537408333344
-44.75423369166669
-0.03651726165558335
0.5332396407500001
0.8449388490000005
46.70731700000007
14.848328000000025
-0.8446347115541665
201.3880240833333
86.25827720000001
16.890607575000008
220.6932552499999
39.48560422499999
-0.33076436924999986
-0.3600448472500002
0.8723158944999999
16.890607575000008
220.6932552499999
39.48560422499999
30.123681566666665
214.83407283333327
10.167566416666663
-0.4047222464166667
0.17919808475000004
0.896667103666667
30.123681566666665
214.83407283333327
10.167566416666663
34.18762584999999
207.41740416666659
-5.815105594166669
-0.22470063233333346
0.4100770017499999
0.8837022024166666
34.18762584999999
207.41740416666659
-5.815105594166669
35.610537316666665
198.66856925000008
-19.052130908333343
-0.08927298002500002
0.5488988644166667
0.8304863939999999
