-26.19229966666667
353.8886093333333
50.345628049999966
0.10170795932500004
-0.8553046700833337
-0.5066243275833332
0.1020990586166667
0.5153543209166667
-0.8499225660833336
0.5450097551666663
0.11872555443333337
0.11916689814999999
-0.19477099358333333
0.41559144158333333
-0.8883491699999999
-24.60445848333332
330.02129841666675
99.50127054166667
27.98371005
217.81160950000006
339.35554491666676
52.11636999999996
20.25
-52.056123849999985
318.0223010000001
92.93195921666671
-52.056123849999985
318.0223010000001
92.93195921666671
0.0
0.0
0.0
-52.056123849999985
318.0223010000001
92.93195921666671
-71.50904539999998
326.68250433333344
47.92664695833334
0.3897006593333333
-0.1734899935
0.9015920724166663
-71.50904539999998
326.68250433333344
47.92664695833334
-73.97183538333334
330.61059808333323
14.192360691666668
0.07223190504749996
-0.11520820900833335
0.9894029354166664
-73.97183538333334
330.61059808333323
14.192360691666668
-80.74414665833329
334.2492353333334
-7.857618012500001
0.2893705069999999
-0.1554734282083334
0.9421618649166665
58.80750999999989
19.342799999999947
-44.97395010000001
340.54330233333343
94.87699786666668
-48.62526500833335
367.7439876666666
26.67255189166666
0.04963075579166666
-0.36972725650000005
0.927073776166667
-48.62526500833335
367.7439876666666
26.67255189166666
-45.250533075
371.03844841666665
-15.975149066666665
-0.07855081940833333
-0.07668243514966662
0.9926749856666662
-45.250533075
371.03844841666665
-15.975149066666665
-42.488108749999995
360.3549065833332
-37.43274298333334
-0.11428955908333334
0.4420093171666666
0.8877632830000004
-42.488108749999995
360.3549065833332
-37.43274298333334
-40.436121358333345
347.62894616666694
-48.595118116666654
-0.12010039764999995
0.7448354709166668
0.6533206346666663
67.0064400000001
18.997199999999996
-33.10366353333333
343.8022103333333
94.91542090833332
-27.04714888333333
370.4197893333333
30.76750393333334
-0.08680934526666664
-0.38151557116666673
0.9194461120000003
-27.04714888333333
370.4197893333333
30.76750393333334
-18.271924099999996
375.21453041666683
-16.324455224999994
-0.18205709466666667
-0.09947513529166661
0.9770034971666666
-18.271924099999996
375.21453041666683
-16.324455224999994
-15.679882587500005
362.49346174999977
-41.58036096666664
-0.09115223740000002
0.44735158283333337
0.8881541195833333
-15.679882587500005
362.49346174999977
-41.58036096666664
-15.58910165
348.11971041666686
-53.647219533333306
-0.004830828176416665
0.7648867521666668
0.6421274209999998
64.42847999999982
18.07703999999996
-20.826017316666675
343.85849983333355
95.21350200833334
-6.086557497499999
367.86057058333336
39.32139031666667
-0.23530427466666665
-0.38317481541666676
0.8922750897499998
-6.086557497499999
367.86057058333336
39.32139031666667
4.140057364166667
371.4871679166668
-3.9870647024999983
-0.22888779066666656
-0.08116899354166668
0.9693116104999998
4.140057364166667
371.4871679166668
-3.9870647024999983
6.6558210125
359.76040208333313
-28.92989009166665
-0.09081523531666666
0.4233183890833335
0.9003980036666667
6.6558210125
359.76040208333313
-28.92989009166665
6.155150274166669
346.30294858333326
-41.850042166666654
0.026796761501666665
0.7202662083333332
0.6915088688333332
50.510734999999904
16.057440000000028
-8.54919208
336.6761806666667
95.08523019999997
12.633451291666661
360.63973816666646
46.77864054166668
-0.3653112027500001
-0.41327024574999993
0.8330848025833336
12.633451291666661
360.63973816666646
46.77864054166668
27.33041406666667
364.02654058333326
14.876713445833326
-0.4156474981666667
-0.0957827727166667
0.9022242559999996
27.33041406666667
364.02654058333326
14.876713445833326
30.24410413333333
356.6436308333337
-2.9452796985000003
-0.14897080508333327
0.3774725765833334
0.9112007744166667
30.24410413333333
356.6436308333337
-2.9452796985000003
28.917353666666664
345.30824633333316
-15.803191075000006
0.07697197263583336
0.6576269808333333
0.7459569921666666
