0.052740633
-0.067821085
-2.2314618
0.0
0.035676512867212296
0.49120157957077026
0.18975308537483215
0.07936089485883713
0.06746280193328857
0.2661754786968231
0.07980550080537796
0.06918621063232422
0.45209434628486633
0.2556098997592926
0.23441874980926514
0.45522594451904297
0.260644793510437
0.23878207802772522
0.4004494845867157
0.2650291919708252
0.1392812728881836
0.2033519148826599
0.052743495
-0.06798859
-2.2302895
0.0
0.036381419748067856
0.4919728636741638
0.18955770134925842
0.07880635559558868
0.0669889822602272
0.2666635811328888
0.07874272763729095
0.06828102469444275
0.45173317193984985
0.2562536299228668
0.23497802019119263
0.4531078636646271
0.2611953914165497
0.23913739621639252
0.3987160623073578
0.26499098539352417
0.13872160017490387
0.2030870020389557
0.05257327
-0.06818261
-2.2273395
0.0
0.03533734753727913
0.4913785755634308
0.1896892488002777
0.07805626839399338
0.0663546621799469
0.2657584547996521
0.07845274358987808
0.06801054626703262
0.4511888921260834
0.2578011453151703
0.23636388778686523
0.45217809081077576
0.2621011734008789
0.23990067839622498
0.39913973212242126
0.2645217478275299
0.13792966306209564
0.2033722698688507
0.052472994
-0.06829509
-2.225616
0.0
0.03390466421842575
0.48999151587486267
0.18952922523021698
0.07748855650424957
0.06586745381355286
0.264120876789093
0.07933607697486877
0.068729467689991
0.4501069486141205
0.2590840756893158
0.23746883869171143
0.45188117027282715
0.2636027932167053
0.2412533164024353
0.39978262782096863
0.26375052332878113
0.13758155703544617
0.20342597365379333
0.052468784
-0.068360545
-2.2251132
0.0
0.03074936382472515
0.48782429099082947
0.18915584683418274
0.07633347064256668
0.06487932056188583
0.2631673514842987
0.08026325702667236
0.06950449198484421
0.4493733048439026
0.26054948568344116
0.23876291513442993
0.4516773223876953
0.2656967043876648
0.24315248429775238
0.4017353951931
0.26353415846824646
0.1372029334306717
0.20285962522029877
0.052525003
-0.068328656
-2.2258573
0.0
0.02718280255794525
0.48793336749076843
0.18850426375865936
0.07581979781389236
0.06442726403474808
0.2616533935070038
0.08010102808475494
0.06932574510574341
0.44870007038116455
0.26217180490493774
0.24019426107406616
0.45130136609077454
0.2680245637893677
0.24525775015354156
0.40348586440086365
0.2634700834751129
0.13675202429294586
0.20249836146831512
0.052590486
-0.068253614
-2.2269933
0.0
0.024611644446849823
0.4888707399368286
0.18736468255519867
0.07636472582817078
0.06487104296684265
0.2596017122268677
0.08005855977535248
0.06923533976078033
0.4475082755088806
0.2642984688282013
0.2420525848865509
0.4508745074272156
0.27097803354263306
0.24792736768722534
0.40420711040496826
0.26307523250579834
0.13631629943847656
0.20171475410461426
0.05267559
-0.0681873
-2.2282481
0.0
0.020191820338368416
0.4889839291572571
0.1866099238395691
0.07672949880361557
0.06516552716493607
0.2583754062652588
0.08057785034179688
0.06965966522693634
0.4470503330230713
0.2670697271823883
0.2445620745420456
0.4506298899650574
0.2731796205043793
0.24991782009601593
0.40655702352523804
0.2622325122356415
0.13604101538658142
0.20153319835662842
0.0529262
-0.06805013
-2.231528
0.0
0.016680555418133736
0.4881056249141693
0.18595081567764282
0.07673105597496033
0.06515728682279587
0.2579565942287445
0.07967978715896606
0.06887858361005783
0.44729775190353394
0.2681654393672943
0.24558034539222717
0.4505634903907776
0.2748108208179474
0.25139376521110535
0.4084155261516571
0.2617766261100769
0.13651879131793976
0.20132257044315338
0.053164735
-0.06797393
-2.2342575
0.0
0.014394072815775871
0.48576587438583374
0.18573662638664246
0.07601861655712128
0.0645456612110138
0.2581700384616852
0.08061560243368149
0.06971872597932816
0.44848719239234924
0.2670234441757202
0.2446203976869583
0.4495770037174225
0.2769913971424103
0.25330832600593567
0.4094841182231903
0.26096007227897644
0.13747982680797577
0.20053832232952118
0.0533446
-0.0679375
-2.2361612
0.0
0.012391268275678158
0.48336261510849
0.18569239974021912
0.07566383481025696
0.06424369663000107
0.2593759000301361
0.08029818534851074
0.06946500390768051
0.4499684274196625
0.26573529839515686
0.24354949593544006
0.4500044584274292
0.2772676348686218
0.25360023975372314
0.41070300340652466
0.26106056571006775
0.13737671077251434
0.20039643347263336
0.053585548
-0.06787385
-2.2388124
0.0
0.010934720747172832
0.4797287881374359
0.18585149943828583
0.07536280900239944
0.06399533152580261
0.2604564428329468
0.0790942907333374
0.06845290958881378
0.4528324604034424
0.26257210969924927
0.24085532128810883
0.45097532868385315
0.27647697925567627
0.25295132398605347
0.41155222058296204
0.2617298662662506
0.1379144936800003
0.20037786662578583
0.054014754
-0.06778042
-2.2433763
0.0
0.009069452993571758
0.477723091840744
0.18703289330005646
0.0739055648446083
0.06278342008590698
0.2615697383880615
0.07818152755498886
0.06769318133592606
0.45342186093330383
0.26060500741004944
0.23909235000610352
0.4540896415710449
0.2739572823047638
0.2508848011493683
0.4135447144508362
0.2617800831794739
0.1378229856491089
0.20139111578464508
0.0544988
-0.06767163
-2.2485235
0.0
0.007445305585861206
0.47571462392807007
0.18681703507900238
0.07358034700155258
0.06249968335032463
0.26250597834587097
0.07718922942876816
0.06685260683298111
0.45525264739990234
0.2580479085445404
0.23688437044620514
0.45525890588760376
0.27184557914733887
0.24903979897499084
0.41436463594436646
0.2624124586582184
0.1379327028989792
0.20178912580013275
0.054897953
-0.0674571
-2.2536564
0.0
0.007167944218963385
0.47334805130958557
0.18716010451316833
0.07351058721542358
0.06244335323572159
0.2639153301715851
0.07656525820493698
0.06633668392896652
0.45538967847824097
0.2570444941520691
0.23598000407218933
0.4557569622993469
0.2693779468536377
0.24683734774589539
0.41397807002067566
0.2623019218444824
0.1380319446325302
0.20183521509170532
0.055139527
-0.06711415
-2.2583172
0.0
0.00785057432949543
0.4733467400074005
0.18772849440574646
0.07476113736629486
0.06352197378873825
0.26642122864723206
0.07555809617042542
0.06552698463201523
0.45494064688682556
0.257606565952301
0.2364705204963684
0.45586705207824707
0.26737266778945923
0.24502959847450256
0.41247013211250305
0.2625151574611664
0.13723735511302948
0.2018747478723526
0.05537116
-0.06672974
-2.2632077
0.0
0.0081996601074934
0.47223153710365295
0.1902608722448349
0.07492932677268982
0.063721664249897
0.2679016590118408
0.075995072722435
0.06593895703554153
0.4547235369682312
0.25950881838798523
0.23820151388645172
0.4567549526691437
0.26520025730133057
0.24311880767345428
0.4116156995296478
0.2616870403289795
0.1367257833480835
0.20269832015037537
0.05575628
-0.0665584
-2.2678916
0.0
0.007572314236313105
0.4713299870491028
0.19386926293373108
0.07367919385433197
0.06271878629922867
0.2677827477455139
0.07687011361122131
0.06669717282056808
0.4561690092086792
0.2589365541934967
0.23777751624584198
0.4567231833934784
0.26401904225349426
0.2420426309108734
0.41258504986763
0.2604163885116577
0.13763977587223053
0.20229555666446686
0.055733494
-0.06618947
-2.2704353
0.0
0.0062530613504350185
0.47271639108657837
0.1947721242904663
0.07380540668964386
0.06283944845199585
0.26951611042022705
0.07832334190607071
0.06799475848674774
0.45589521527290344
0.2604043781757355
0.23911021649837494
0.45588693022727966
0.26421356201171875
0.24217340350151062
0.41249823570251465
0.26052772998809814
0.1373283863067627
0.20197787880897522
0.055792086
-0.06569018
-2.2746983
0.0
0.005588641855865717
0.4748120605945587
0.19667786359786987
0.07251784950494766
0.06177498772740364
0.26964232325553894
0.07863733172416687
0.0682687908411026
0.45570671558380127
0.2607261836528778
0.23938512802124023
0.45500344038009644
0.265562504529953
0.24334624409675598
0.4123859703540802
0.2603994905948639
0.13707736134529114
0.2012990266084671
0.055639718
-0.06338513
-2.2910595
0.0
0.008721009828150272
0.48798373341560364
0.1984972357749939
0.07538101822137833
0.06425484269857407
0.2712315618991852
0.08454086631536484
0.07346025109291077
0.45781010389328003
0.2549341022968292
0.23424342274665833
0.4513498842716217
0.2649122178554535
0.24250847101211548
0.4060775935649872
0.25839897990226746
0.1381826102733612
0.20089438557624817
0.055202976
-0.06260658
-2.2932887
0.0
0.009206432849168777
0.49030059576034546
0.19873768091201782
0.076851487159729
0.06552152335643768
0.2715621888637543
0.08690642565488815
0.0755344033241272
0.45443060994148254
0.2552019953727722
0.23427167534828186
0.4500425457954407
0.26325327157974243
0.24089954793453217
0.4053378701210022
0.25693613290786743
0.13748504221439362
0.2018004208803177
0.054874007
-0.061966453
-2.2954295
0.0
0.008624793030321598
0.4941360652446747
0.19852624833583832
0.07729659974575043
0.06590095162391663
0.2703237235546112
0.08844549208879471
0.07682741433382034
0.4529000520706177
0.2528574764728546
0.23201817274093628
0.45036977529525757
0.26084524393081665
0.23871906101703644
0.40682974457740784
0.2552168667316437
0.13837027549743652
0.20289629697799683
0.054756444
-0.061617576
-2.2971728
0.0
0.008652392774820328
0.49433043599128723
0.19853924214839935
0.07795759290456772
0.06646513938903809
0.2694854438304901
0.08861605077981949
0.07694768905639648
0.45149675011634827
0.2516854405403137
0.23084957897663116
0.45065176486968994
0.2595311105251312
0.23753522336483002
0.40729644894599915
0.25433045625686646
0.13855856657028198
0.20362621545791626
0.054615974
-0.06111546
-2.2999685
0.0
0.008307983167469501
0.49480098485946655
0.1974441260099411
0.08024541288614273
0.06839799135923386
0.26844578981399536
0.08774431049823761
0.07615505903959274
0.4492098391056061
0.25064268708229065
0.2297510802745819
0.45221999287605286
0.25603413581848145
0.23442235589027405
0.40763774514198303
0.2546110153198242
0.13853439688682556
0.20558203756809235
0.054490153
-0.06069252
-2.3022797
0.0
0.009283799678087234
0.4941292703151703
0.19617056846618652
0.08235623687505722
0.07016479223966599
0.2675643563270569
0.08742131292819977
0.07584024965763092
0.44704440236091614
0.25002649426460266
0.2290346771478653
0.45462948083877563
0.25196006894111633
0.23084358870983124
0.4061301052570343
0.2551146149635315
0.13846704363822937
0.20820219814777374
0.054446626
-0.06033648
-2.3048143
0.0
0.008836436085402966
0.4948185682296753
0.19542117416858673
0.08324412256479263
0.0709039717912674
0.26723411679267883
0.08727304637432098
0.07569693773984909
0.44637978076934814
0.24945154786109924
0.22845427691936493
0.4563002288341522
0.2483130395412445
0.2276126593351364
0.4067474901676178
0.2555544972419739
0.13868150115013123
0.20960474014282227
0.054398604
-0.060095485
-2.3063703
0.0
0.008008429780602455
0.49703702330589294
0.1943688988685608
0.08384696394205093
0.07138778269290924
0.2672887444496155
0.08755910396575928
0.07595659047365189
0.44671353697776794
0.24935881793498993
0.22838610410690308
0.4565839469432831
0.24645212292671204
0.22592471539974213
0.40791428089141846
0.2557300925254822
0.1391983926296234
0.21006830036640167
0.05475863
-0.059933875
-2.3110037
0.0
0.006862059235572815
0.4998827874660492
0.1935642808675766
0.083854079246521
0.07137608528137207
0.2688576281070709
0.08587853610515594
0.0745413601398468
0.44794294238090515
0.24685442447662354
0.2261754870414734
0.4568344056606293
0.24590547382831573
0.22544845938682556
0.4097042977809906
0.2566324472427368
0.1395973414182663
0.2093963772058487
0.05530376
-0.059922952
-2.3160396
0.0
0.005480950232595205
0.5018557906150818
0.19317813217639923
0.08281145989894867
0.07047612220048904
0.2696908712387085
0.08496474474668503
0.07377386838197708
0.44981586933135986
0.24425047636032104
0.2239149808883667
0.45804283022880554
0.24386493861675262
0.22365929186344147
0.41052621603012085
0.2575756907463074
0.14042337238788605
0.20987869799137115
0.05609049
-0.059989464
-2.3225431
0.0
0.0045412820763885975
0.5048837065696716
0.19443339109420776
0.08117104321718216
0.06910598278045654
0.2707768976688385
0.08396431803703308
0.07292883098125458
0.45215681195259094
0.24117296934127808
0.2212415486574173
0.45846253633499146
0.24332867562770844
0.2231847494840622
0.41181111335754395
0.2581273317337036
0.1416635811328888
0.20953109860420227
0.056717277
-0.060095303
-2.3272185
0.0
0.003126526949927211
0.509168267250061
0.19573402404785156
0.07908901572227478
0.06736015528440475
0.27092036604881287
0.08414606004953384
0.07307755947113037
0.45331695675849915
0.23851680755615234
0.21889007091522217
0.4587682783603668
0.2430289089679718
0.22292204201221466
0.4129253327846527
0.2584080696105957
0.1431703269481659
0.2092205286026001
0.057185378
-0.06019093
-2.3305352
0.0
0.0016194459749385715
0.510003924369812
0.19655154645442963
0.07765623182058334
0.0661511942744255
0.2706253230571747
0.08513174206018448
0.07392413169145584
0.4534330368041992
0.23635880649089813
0.2169262021780014
0.4577202796936035
0.24416665732860565
0.2238803505897522
0.41420501470565796
0.25893259048461914
0.14449433982372284
0.20872031152248383
0.05756228
-0.060241472
-2.3334029
0.0
8.45727976411581E-4
0.5108017325401306
0.19674403965473175
0.07698799669742584
0.06558703631162643
0.27029871940612793
0.08571716398000717
0.07441158592700958
0.453340083360672
0.233965665102005
0.21473023295402527
0.4566259980201721
0.24399055540561676
0.22364182770252228
0.4164300560951233
0.25940704345703125
0.1451675146818161
0.20917977392673492
0.057864115
-0.060314156
-2.3354175
0.0
0.003554743016138673
0.5126287937164307
0.19646239280700684
0.0767100602388382
0.06534650176763535
0.2698407471179962
0.08644165843725204
0.07502878457307816
0.4532736837863922
0.232139453291893
0.21305693686008453
0.45526403188705444
0.2436683624982834
0.2232523262500763
0.4182868003845215
0.2599959075450897
0.14552266895771027
0.2095712274312973
0.05823974
-0.060374174
-2.3381593
0.0
0.003996756859123707
0.5154139995574951
0.19642239809036255
0.0759691596031189
0.06471731513738632
0.2703379988670349
0.08614496886730194
0.07478108257055283
0.4526312053203583
0.23112165927886963
0.21208590269088745
0.4541228115558624
0.24382272362709045
0.22331693768501282
0.4187021851539612
0.26021191477775574
0.14446868002414703
0.2101154625415802
0.05845884
-0.060382135
-2.339974
0.0
0.0038291984237730503
0.5141180753707886
0.19589516520500183
0.07609470933675766
0.06481125205755234
0.27191126346588135
0.08734140545129776
0.07587642967700958
0.4507630169391632
0.23296964168548584
0.21365539729595184
0.45252707600593567
0.24384000897407532
0.22322729229927063
0.4178137481212616
0.2608577311038971
0.14225968718528748
0.21069593727588654
0.05843992
-0.06036396
-2.3399627
0.0
0.0026744273491203785
0.5134639143943787
0.19571471214294434
0.07691667228937149
0.06550058722496033
0.27154505252838135
0.0868961289525032
0.0754830464720726
0.44796082377433777
0.2361775040626526
0.21641132235527039
0.45181483030319214
0.24429483711719513
0.22360365092754364
0.41555124521255493
0.26153630018234253
0.13952450454235077
0.21126915514469147
0.05867098
-0.060397096
-2.3416643
0.0
0.002868003910407424
0.5119169354438782
0.19585320353507996
0.07751550525426865
0.0660158023238182
0.27086490392684937
0.08540608733892441
0.07416825741529465
0.4471491873264313
0.2375696748495102
0.21764174103736877
0.45210593938827515
0.24458323419094086
0.2238905429840088
0.41536369919776917
0.26188579201698303
0.13866166770458221
0.211360365152359
0.05877243
-0.06036464
-2.3427992
0.0
0.004435038659721613
0.5125960111618042
0.19556540250778198
0.07761242240667343
0.0660952627658844
0.27061906456947327
0.08391526341438293
0.07287318259477615
0.44698360562324524
0.2397659420967102
0.21964062750339508
0.4524672329425812
0.2455953061580658
0.22485122084617615
0.4170892834663391
0.26216742396354675
0.13726219534873962
0.21134190261363983
0.05917497
-0.060395207
-2.3459654
0.0
0.0089570302516222
0.512557327747345
0.19493220746517181
0.07874424755573273
0.06704416871070862
0.2732410132884979
0.08305034786462784
0.07222934812307358
0.44975745677948
0.2445460706949234
0.22419799864292145
0.45845484733581543
0.24525479972362518
0.22493648529052734
0.42081716656684875
0.26274681091308594
0.1354706883430481
0.213819220662117
0.059267152
-0.060424525
-2.346502
0.0
0.009524649940431118
0.5119563937187195
0.19483248889446259
0.07901051640510559
0.06726977229118347
0.27351829409599304
0.0817723497748375
0.07111568003892899
0.4513636827468872
0.2456362396478653
0.22530123591423035
0.45993319153785706
0.245090514421463
0.2248806208372116
0.4216640889644623
0.2632260024547577
0.13512423634529114
0.2144777774810791
0.05946431
-0.060520288
-2.3473725
0.0
0.010230673477053642
0.5102464556694031
0.19581277668476105
0.07896443456411362
0.0672493726015091
0.273786723613739
0.07994892448186874
0.0695362389087677
0.45385289192199707
0.24731819331645966
0.22701677680015564
0.46186020970344543
0.2446056306362152
0.22455348074436188
0.42279699444770813
0.2636842131614685
0.13488732278347015
0.21527975797653198
0.05965519
-0.06070054
-2.3474882
0.0
0.009315846487879753
0.5097547769546509
0.1977771669626236
0.07738608121871948
0.06594257801771164
0.2745724022388458
0.07957563549280167
0.06922327727079391
0.4536017179489136
0.25134894251823425
0.23069192469120026
0.4636244475841522
0.24581609666347504
0.225783109664917
0.4221959114074707
0.2636179029941559
0.13410677015781403
0.21551038324832916
0.059761994
-0.06090099
-2.3467324
0.0
0.007658411283046007
0.5087978839874268
0.19923610985279083
0.07603666931390762
0.06482505798339844
0.2747424840927124
0.0800182968378067
0.06960826367139816
0.45561906695365906
0.25243017077445984
0.23180992901325226
0.46430015563964844
0.24889902770519257
0.22866395115852356
0.42121458053588867
0.26279520988464355
0.13488776981830597
0.21381866931915283
0.060158588
-0.06112011
-2.348247
0.0
0.006108405999839306
0.5046665668487549
0.202683225274086
0.07422695308923721
0.06334614753723145
0.2749059200286865
0.08012262731790543
0.06970418244600296
0.45890554785728455
0.2527990937232971
0.23236292600631714
0.4650413990020752
0.2519148886203766
0.23149293661117554
0.421287477016449
0.26140302419662476
0.13612931966781616
0.21197998523712158
0.060458787
-0.061300717
-2.3492627
0.0
0.004833742510527372
0.49971288442611694
0.20593154430389404
0.07056833058595657
0.06027873978018761
0.27564117312431335
0.0796520784497261
0.06930595636367798
0.46110767126083374
0.2531653344631195
0.23284699022769928
0.465743750333786
0.2551875710487366
0.23455625772476196
0.42149877548217773
0.26101621985435486
0.13682807981967926
0.21041759848594666
0.0605478
-0.06142227
-2.3490071
0.0
0.0033829135354608297
0.49824708700180054
0.2075081169605255
0.06881793588399887
0.058805324137210846
0.2768743336200714
0.07840024679899216
0.06823471188545227
0.46393662691116333
0.2527464032173157
0.23265007138252258
0.46688663959503174
0.257606565952301
0.2368604838848114
0.4206289052963257
0.26142147183418274
0.13760197162628174
0.2094181776046753
0.060507808
-0.061526272
-2.3478281
0.0
0.00172633514739573
0.4974968433380127
0.20853498578071594
0.06822771579027176
0.05831853300333023
0.2783131003379822
0.07729582488536835
0.06731586158275604
0.4664909541606903
0.25444841384887695
0.23439566791057587
0.4687614440917969
0.2590847909450531
0.2383510023355484
0.4190937280654907
0.2623943090438843
0.1371833235025406
0.20953024923801422
0.06021697
-0.0615754
-2.3450136
0.0
0.0015049841022118926
0.49895942211151123
0.2090221345424652
0.06778828054666519
0.05795127525925636
0.27904611825942993
0.07674816250801086
0.06684814393520355
0.4691081941127777
0.2561209797859192
0.23611915111541748
0.47034862637519836
0.2608059346675873
0.24004337191581726
0.41856375336647034
0.263547420501709
0.13709306716918945
0.20916341245174408
0.06019931
-0.061403055
-2.3462713
0.0
0.0015049841022118926
0.4987967312335968
0.21021631360054016
0.06821547448635101
0.058333870023489
0.2797465920448303
0.07541266828775406
0.06569880247116089
0.4717561900615692
0.2576615512371063
0.23772157728672028
0.4709133207798004
0.26286014914512634
0.24197325110435486
0.4174760580062866
0.264599472284317
0.13676775991916656
0.20875827968120575
0.060024705
-0.0612793
-2.3458269
0.0
0.0022902425844222307
0.5000345706939697
0.21140383183956146
0.06807541847229004
0.058232568204402924
0.2803071141242981
0.07369296252727509
0.0642177015542984
0.4717543423175812
0.2604735791683197
0.24030949175357819
0.471897155046463
0.26528188586235046
0.24427437782287598
0.4172075390815735
0.2654168903827667
0.1365376114845276
0.20846788585186005
0.059682943
-0.06130778
-2.3427331
0.0
0.0042985426262021065
0.5027109384536743
0.21207882463932037
0.0687086284160614
0.05878300592303276
0.28044259548187256
0.07281749695539474
0.06346467137336731
0.47162920236587524
0.26297619938850403
0.24259978532791138
0.47171342372894287
0.26793137192726135
0.24669119715690613
0.4180055558681488
0.2657650113105774
0.1369909793138504
0.20808017253875732
0.059355192
-0.061349753
-2.3396316
0.0
0.007050565909594297
0.5037903785705566
0.2122797816991806
0.06910079717636108
0.05912090092897415
0.28099486231803894
0.0729435533285141
0.06359048187732697
0.4714319705963135
0.2641128897666931
0.24362660944461823
0.4714692533016205
0.27023443579673767
0.24878454208374023
0.4204510748386383
0.26553866267204285
0.13794830441474915
0.20751911401748657
0.059095442
-0.061409768
-2.336945
0.0
0.009765664115548134
0.5020272731781006
0.21435900032520294
0.0673743262887001
0.05768308788537979
0.2800585925579071
0.0744732990860939
0.06490872800350189
0.4708667993545532
0.2658163011074066
0.24514800310134888
0.4715040326118469
0.2724812626838684
0.25084805488586426
0.4230573773384094
0.2646177113056183
0.13888487219810486
0.2069954127073288
0.058862355
-0.061490823
-2.3343055
0.0
0.011935526505112648
0.5015211701393127
0.21630136668682098
0.06595071405172348
0.056498512625694275
0.27992182970046997
0.07514400035142899
0.06548327952623367
0.4699968099594116
0.2674829661846161
0.24661648273468018
0.4715135991573334
0.2746691107749939
0.2528572380542755
0.425041139125824
0.2642245292663574
0.1392039805650711
0.20651750266551971
0.05874701
-0.06157003
-2.332679
0.0
0.01338114496320486
0.5023159980773926
0.21838222444057465
0.06381145864725113
0.05470304191112518
0.28064021468162537
0.07488472014665604
0.06527161598205566
0.4696987569332123
0.2685531973838806
0.24758052825927734
0.47125083208084106
0.2767624258995056
0.2547638714313507
0.42652463912963867
0.2644250690937042
0.13903506100177765
0.20625309646129608
0.058363385
-0.061625827
-2.3289466
0.0
0.013650165870785713
0.5002474784851074
0.21811658143997192
0.06396736204624176
0.05482935160398483
0.2814961075782776
0.07494684308767319
0.06533829122781754
0.4681839048862457
0.2722098231315613
0.2508300542831421
0.47141990065574646
0.2779257893562317
0.2558436691761017
0.4256753921508789
0.26463592052459717
0.13904710114002228
0.2069867104291916
0.057731844
-0.061835103
-2.3218086
0.0
0.016363069415092468
0.5002467632293701
0.21571625769138336
0.0646970346570015
0.05541141331195831
0.2819384038448334
0.07429042458534241
0.0647725835442543
0.4680696427822113
0.2762239873409271
0.25451210141181946
0.4735960066318512
0.2790978252887726
0.257087379693985
0.42732325196266174
0.2651204466819763
0.13905870914459229
0.2078486531972885
0.05783973
-0.062090114
-2.320684
0.0
0.015613710507750511
0.49971476197242737
0.21487899124622345
0.06518474221229553
0.055812474340200424
0.2818608283996582
0.07418675720691681
0.06468412280082703
0.46805036067962646
0.2790755331516266
0.25713565945625305
0.47474581003189087
0.2808564007282257
0.25880032777786255
0.4257150888442993
0.2651425004005432
0.13899117708206177
0.20829300582408905
0.057774685
-0.062299505
-2.3184383
0.0
0.016723383218050003
0.49943456053733826
0.21356599032878876
0.06537479162216187
0.055954404175281525
0.2813625931739807
0.07340094447135925
0.06399719417095184
0.46818801760673523
0.2814420163631439
0.2593247890472412
0.4761752784252167
0.28280603885650635
0.26070746779441833
0.42631885409355164
0.2649814188480377
0.13885515928268433
0.20850993692874908
0.057728745
-0.06243518
-2.3169537
0.0
0.01800716668367386
0.49844101071357727
0.2112344652414322
0.06668733805418015
0.0570363886654377
0.2818854749202728
0.07266577333211899
0.06337250769138336
0.4687024652957916
0.28434011340141296
0.2620466649532318
0.47863471508026123
0.28448349237442017
0.262462317943573
0.42612695693969727
0.26545074582099915
0.13862070441246033
0.20910082757472992
0.057717267
-0.06258461
-2.3156598
0.0
0.019840413704514503
0.49738916754722595
0.21001169085502625
0.06819885969161987
0.05830523744225502
0.2822321951389313
0.07144124060869217
0.062319058924913406
0.46998220682144165
0.2859008312225342
0.2635858654975891
0.4803498685359955
0.285773366689682
0.263797402381897
0.4266064763069153
0.2660270035266876
0.13840354979038239
0.20911633968353271
0.057789862
-0.06271243
-2.315268
0.0
0.020664531737565994
0.49586221575737
0.20992618799209595
0.069447822868824
0.059373561292886734
0.28353074193000793
0.07040753215551376
0.06145264580845833
0.4708290994167328
0.2887183427810669
0.2662586271762848
0.4821121096611023
0.28728675842285156
0.26534417271614075
0.42660632729530334
0.26656946539878845
0.1380561888217926
0.2096731960773468
0.05776563
-0.06279965
-2.3143642
0.0
0.021576153114438057
0.49479395151138306
0.20952364802360535
0.07089892774820328
0.06060732156038284
0.28426191210746765
0.0700303316116333
0.061144210398197174
0.47183892130851746
0.2910238802433014
0.2684655785560608
0.4832257628440857
0.2887972593307495
0.2668313682079315
0.42638370394706726
0.26678118109703064
0.1381094604730606
0.20998339354991913
0.05770737
-0.06284337
-2.3135128
0.0
0.021562334150075912
0.4936079680919647
0.20943480730056763
0.07132842391729355
0.060972291976213455
0.2845616340637207
0.07014098763465881
0.06124946475028992
0.47216469049453735
0.2929549515247345
0.27027571201324463
0.4849201738834381
0.29012659192085266
0.2682000696659088
0.4254663288593292
0.2664753198623657
0.13836249709129333
0.21052685379981995
0.057543125
-0.06275299
-2.3128085
0.0
0.02169737219810486
0.49259647727012634
0.20941473543643951
0.0719587579369545
0.061513759195804596
0.2848396599292755
0.07055310904979706
0.0616125762462616
0.4730618894100189
0.2951912581920624
0.2724161446094513
0.4864653944969177
0.2919207513332367
0.26999005675315857
0.4245944321155548
0.26636552810668945
0.1383776217699051
0.21064233779907227
0.0573584
-0.06267503
-2.3118243
0.0
0.020939622074365616
0.4929277002811432
0.20972216129302979
0.07251209020614624
0.0619889572262764
0.2850807309150696
0.07084506005048752
0.061867605894804
0.473789781332016
0.29657474160194397
0.27375078201293945
0.4873896837234497
0.2938113212585449
0.2718118131160736
0.42330965399742126
0.26657262444496155
0.13818088173866272
0.21042558550834656
0.056974113
-0.06282083
-2.3073108
0.0
0.020496543496847153
0.49352091550827026
0.2097911387681961
0.07307103276252747
0.06246913596987724
0.2853601276874542
0.07106196880340576
0.06205819174647331
0.474495530128479
0.29784539341926575
0.27498164772987366
0.487857848405838
0.29502034187316895
0.2729661166667938
0.42287877202033997
0.2666877806186676
0.1379682421684265
0.21044299006462097
0.056551162
-0.06294129
-2.3026414
0.0
0.020417869091033936
0.4946148097515106
0.20949499309062958
0.0737520381808281
0.06304602324962616
0.28573086857795715
0.07105861604213715
0.062062036246061325
0.4749576449394226
0.2993467450141907
0.2764042615890503
0.48787349462509155
0.2961328625679016
0.2739982604980469
0.42273831367492676
0.2668415307998657
0.13803063333034515
0.2105260044336319
0.056203093
-0.063079506
-2.298474
0.0
0.02060386724770069
0.49754369258880615
0.20957952737808228
0.07430728524923325
0.06352291256189346
0.285554438829422
0.07126818597316742
0.062239572405815125
0.4754129946231842
0.3004787862300873
0.27748748660087585
0.4879131615161896
0.29773974418640137
0.2754860818386078
0.4227882921695709
0.2667895257472992
0.13792836666107178
0.2100534290075302
0.055933516
-0.06318127
-2.2952795
0.0
0.020458700135350227
0.5004020929336548
0.2093852013349533
0.07456456869840622
0.06374412029981613
0.28546133637428284
0.07200019806623459
0.0628802478313446
0.47601428627967834
0.30160728096961975
0.278580904006958
0.4877830743789673
0.29923373460769653
0.27685731649398804
0.4222559928894043
0.2664669454097748
0.1377066671848297
0.20988814532756805
0.05588107
-0.06332768
-2.2936616
0.0
0.020882612094283104
0.5015774369239807
0.20866163074970245
0.07491419464349747
0.06402608007192612
0.28613829612731934
0.07256060838699341
0.0633838027715683
0.47665175795555115
0.30238503217697144
0.2793523669242859
0.4877859950065613
0.3002192974090576
0.2777673602104187
0.42231300473213196
0.2665880024433136
0.13763412833213806
0.20966488122940063
0.055865027
-0.06345532
-2.2925174
0.0
0.022448137402534485
0.5023651719093323
0.20766110718250275
0.0756811797618866
0.0646592229604721
0.2866098880767822
0.07253676652908325
0.06337062269449234
0.4769694209098816
0.30284225940704346
0.2797979712486267
0.4882029891014099
0.3009995222091675
0.27852651476860046
0.42351534962654114
0.2668272852897644
0.13765454292297363
0.20923976600170135
0.055903006
-0.06362356
-2.2915385
0.0
0.02353701740503311
0.5038044452667236
0.20753531157970428
0.076277956366539
0.06516918540000916
0.2862119972705841
0.07221117615699768
0.06307534128427505
0.4771359860897064
0.302555114030838
0.27954167127609253
0.4880138635635376
0.3019748628139496
0.27941396832466125
0.42472130060195923
0.26684877276420593
0.1371946483850479
0.20858046412467957
0.055817008
-0.0639013
-2.288609
0.0
0.02320801094174385
0.5028095245361328
0.20761166512966156
0.07690735906362534
0.06570878624916077
0.2846444249153137
0.0729132890701294
0.06365423649549484
0.4759896993637085
0.30234119296073914
0.2792501151561737
0.4869767725467682
0.3021237254142761
0.27946755290031433
0.42400267720222473
0.2662384510040283
0.1364850550889969
0.20850245654582977
0.055697672
-0.06420216
-2.2852147
0.0
0.023338638246059418
0.5006576776504517
0.2072548121213913
0.07704919576644897
0.0658203512430191
0.28312158584594727
0.07472122460603714
0.06519389152526855
0.4754163920879364
0.30183473229408264
0.2787345349788666
0.48521700501441956
0.3018413484096527
0.2790590822696686
0.4238254725933075
0.2651006579399109
0.13576914370059967
0.2077995389699936
0.05566515
-0.06446549
-2.2828941
0.0
0.02383149042725563
0.49783584475517273
0.2066401243209839
0.07701744139194489
0.06577865034341812
0.2820795476436615
0.07728656381368637
0.067397341132164
0.47505098581314087
0.30079618096351624
0.277741938829422
0.4842132329940796
0.30082497000694275
0.2780391573905945
0.4238796830177307
0.26419597864151
0.13491347432136536
0.20735444128513336
0.055698395
-0.064673536
-2.2815921
0.0
0.024132253602147102
0.4957978427410126
0.206442192196846
0.07723945379257202
0.06596880406141281
0.28195253014564514
0.08067183941602707
0.07038634270429611
0.4738088548183441
0.300001323223114
0.2769085466861725
0.48270517587661743
0.29969561100006104
0.27688106894493103
0.42354029417037964
0.2633061707019806
0.13425424695014954
0.20719774067401886
0.062365387
-0.061078526
-2.3666453
0.0
0.04422878846526146
0.4837060868740082
0.17280109226703644
0.07194714993238449
0.06083911657333374
0.25064533948898315
0.07280930131673813
0.06282900273799896
0.4237847328186035
0.23293273150920868
0.2119564712047577
0.4303587079048157
0.23938262462615967
0.2177899330854416
0.4248223900794983
0.25820156931877136
0.13799510896205902
0.20234598219394684
0.062463522
-0.06141355
-2.364692
0.0
0.044510986655950546
0.48276758193969727
0.1709151566028595
0.0711299404501915
0.06011625751852989
0.24904778599739075
0.07368972152471542
0.06354638189077377
0.42226457595825195
0.22859688103199005
0.20791998505592346
0.4260534346103668
0.23846055567264557
0.21664659678936005
0.4253532588481903
0.2577946186065674
0.13938255608081818
0.20182332396507263
0.062431745
-0.061469335
-2.3639817
0.0
0.04451366513967514
0.4821225106716156
0.16989587247371674
0.07113748788833618
0.0601053424179554
0.24844008684158325
0.07352032512426376
0.06338661909103394
0.42143815755844116
0.22717402875423431
0.20657649636268616
0.4246532917022705
0.23798872530460358
0.2161216139793396
0.42527973651885986
0.25771909952163696
0.13986095786094666
0.20184680819511414
0.062677026
-0.061358444
-2.366852
0.0
0.04536808282136917
0.48066219687461853
0.16739408671855927
0.0716688483953476
0.06050094962120056
0.2473975569009781
0.0726362094283104
0.06260742247104645
0.4190959334373474
0.2241593897342682
0.2037057727575302
0.4224780201911926
0.23618972301483154
0.21433210372924805
0.42590269446372986
0.25818756222724915
0.14029939472675323
0.2022646963596344
0.06279367
-0.06115741
-2.3694284
0.0
0.04734882339835167
0.47939446568489075
0.1653725653886795
0.07166717946529388
0.06046249344944954
0.24558280408382416
0.07220456004142761
0.06219451501965523
0.4173177182674408
0.22232893109321594
0.20193925499916077
0.42167428135871887
0.23397107422351837
0.21226026117801666
0.4280063211917877
0.2580752372741699
0.14079932868480682
0.2027871310710907
0.06342859
-0.06081579
-2.377275
0.0
0.050336193293333054
0.47820809483528137
0.16390331089496613
0.07131922990083694
0.060145020484924316
0.24425220489501953
0.07190236449241638
0.06190326437354088
0.415348619222641
0.22100184857845306
0.20061789453029633
0.4207722246646881
0.23183560371398926
0.2102588713169098
0.43079739809036255
0.25787338614463806
0.1408817023038864
0.2032928764820099
0.06362984
-0.060460992
-2.381791
0.0
0.0538349412381649
0.4782048761844635
0.16178789734840393
0.07164636999368668
0.06038155034184456
0.24335341155529022
0.07236796617507935
0.06228938326239586
0.4126185178756714
0.2213870882987976
0.2007978856563568
0.41977211833000183
0.23034340143203735
0.2088388055562973
0.43427011370658875
0.25743621587753296
0.14043018221855164
0.20386335253715515
0.06448175
-0.059940994
-2.392767
0.0
0.057810116559267044
0.4782469570636749
0.15907113254070282
0.07218638062477112
0.060784194618463516
0.243401899933815
0.07346025109291077
0.06324531883001328
0.41216135025024414
0.2198306769132614
0.19936014711856842
0.41849350929260254
0.2295512855052948
0.2080366015434265
0.43844372034072876
0.25740787386894226
0.14121241867542267
0.20385098457336426
0.06559728
-0.0594579
-2.4053762
0.0
0.060307424515485764
0.47882673144340515
0.15715643763542175
0.07291083037853241
0.06135259568691254
0.243401899933815
0.07553598284721375
0.06504550576210022
0.4116326868534088
0.21776868402957916
0.19745992124080658
0.41732507944107056
0.22863397002220154
0.20713399350643158
0.4404733180999756
0.25696733593940735
0.14257588982582092
0.20371343195438385
0.066581555
-0.05907554
-2.416014
0.0
0.0637628361582756
0.478922575712204
0.15573064982891083
0.07385712116956711
0.06211679056286812
0.24292659759521484
0.07680178433656693
0.06612684577703476
0.4113134741783142
0.21605239808559418
0.19588474929332733
0.41608303785324097
0.22763220965862274
0.20614422857761383
0.4433359205722809
0.2568800747394562
0.14358246326446533
0.2039719521999359
0.06739407
-0.05863825
-2.4257383
0.0
0.06667391955852509
0.47993576526641846
0.1541260927915573
0.07527964562177658
0.06328020244836807
0.24221615493297577
0.07781127840280533
0.06697829812765121
0.4101649224758148
0.21382007002830505
0.1937999427318573
0.4146885871887207
0.2268994301557541
0.20538777112960815
0.44617539644241333
0.2567296624183655
0.14475364983081818
0.2040446251630783
0.06810491
-0.05820487
-2.43462
0.0
0.06927581876516342
0.4815220832824707
0.15280073881149292
0.0763225257396698
0.06412847340106964
0.24106113612651825
0.07758474349975586
0.0667525976896286
0.40763863921165466
0.21305890381336212
0.19296254217624664
0.4132798910140991
0.22552497684955597
0.2040516883134842
0.4486791789531708
0.25703322887420654
0.1443037986755371
0.20460070669651031
0.0687847
-0.057919584
-2.4419634
0.0
0.07035243511199951
0.48188233375549316
0.15223461389541626
0.07733981311321259
0.0649711862206459
0.24019977450370789
0.07669450342655182
0.06596428155899048
0.4047308564186096
0.213750958442688
0.19341115653514862
0.4116206169128418
0.2241191565990448
0.2026778906583786
0.44893813133239746
0.25738444924354553
0.14314483106136322
0.20490264892578125
0.069456324
-0.057936892
-2.4466145
0.0
0.07036006450653076
0.48219990730285645
0.152008056640625
0.07776909321546555
0.06533098965883255
0.2395673245191574
0.07621848583221436
0.06553973257541656
0.40400490164756775
0.21209073066711426
0.19187413156032562
0.4100711941719055
0.22340869903564453
0.20193271338939667
0.4477316439151764
0.25730037689208984
0.1440187692642212
0.2044915407896042
0.06986176
-0.058092542
-2.4481635
0.0
0.06951736658811569
0.48263993859291077
0.15190449357032776
0.07763087004423141
0.06521310657262802
0.23945099115371704
0.0753818079829216
0.06482045352458954
0.40323179960250854
0.21014975011348724
0.19007514417171478
0.4091910421848297
0.22212664783000946
0.20071837306022644
0.4453568458557129
0.257542222738266
0.14451049268245697
0.20458897948265076
0.070033364
-0.05821439
-2.4483411
0.0
0.06887079030275345
0.4824141263961792
0.15218469500541687
0.0769740492105484
0.06466568261384964
0.2390815168619156
0.07531608641147614
0.06475140154361725
0.4032798111438751
0.2085082083940506
0.1885942667722702
0.40846356749534607
0.22121194005012512
0.199842631816864
0.4438025653362274
0.25740084052085876
0.14546799659729004
0.2045426070690155
0.07014972
-0.05836992
-2.4478452
0.0
0.06870342046022415
0.48095008730888367
0.15323090553283691
0.07534697651863098
0.0633169561624527
0.2389974445104599
0.07518765330314636
0.06463154405355453
0.40364038944244385
0.2061043232679367
0.18643668293952942
0.40817129611968994
0.2199973464012146
0.19871987402439117
0.4432900547981262
0.25696849822998047
0.1465548574924469
0.20465350151062012
0.07014617
-0.05850951
-2.446643
0.0
0.06914481520652771
0.4805118441581726
0.1540289968252182
0.07449011504650116
0.06261219084262848
0.23905283212661743
0.07499299943447113
0.06446520984172821
0.40215227007865906
0.2061418890953064
0.18638265132904053
0.4082912504673004
0.21871046721935272
0.19756045937538147
0.4434972107410431
0.25717854499816895
0.1458101123571396
0.20535504817962646
0.06992867
-0.058631063
-2.4440863
0.0
0.07050997763872147
0.47997939586639404
0.1547812670469284
0.07339687645435333
0.06170736998319626
0.2390037328004837
0.07467330247163773
0.0641833245754242
0.39980819821357727
0.20781630277633667
0.18775275349617004
0.407876580953598
0.21769364178180695
0.19661197066307068
0.44468849897384644
0.25728633999824524
0.1441420614719391
0.20604723691940308
0.06984155
-0.058639526
-2.4433994
0.0
0.07235642522573471
0.4800169765949249
0.15528230369091034
0.07265756279230118
0.061099324375391006
0.2393474280834198
0.07431210577487946
0.0638815239071846
0.3980166018009186
0.20868895947933197
0.1884349137544632
0.40809154510498047
0.21734397113323212
0.1963038593530655
0.4462887942790985
0.25766342878341675
0.14315444231033325
0.20647825300693512
0.069754146
-0.058590505
-2.4431934
0.0
0.07396528124809265
0.48071232438087463
0.15581978857517242
0.07199025899171829
0.060546278953552246
0.23932881653308868
0.07447490096092224
0.0640251487493515
0.39692673087120056
0.20954744517803192
0.18914127349853516
0.40762418508529663
0.21718470752239227
0.1961323469877243
0.44774556159973145
0.25766435265541077
0.1427079737186432
0.20649860799312592
0.069740325
-0.0584885
-2.4439557
0.0
0.0757182165980339
0.481918603181839
0.15593573451042175
0.07138527184724808
0.06004180386662483
0.23897376656532288
0.07446608692407608
0.06400930881500244
0.39664986729621887
0.2096717655658722
0.18923698365688324
0.40728306770324707
0.21740449965000153
0.1963072270154953
0.4494502544403076
0.25759628415107727
0.1427917629480362
0.206442192196846
0.06981019
-0.058345176
-2.4456604
0.0
0.07582058012485504
0.4820241630077362
0.15592806041240692
0.07083410769701004
0.059581127017736435
0.2390032261610031
0.0744941234588623
0.06402701139450073
0.3955135941505432
0.21053284406661987
0.18994860351085663
0.40701740980148315
0.2176508605480194
0.19651125371456146
0.4491617977619171
0.25747740268707275
0.1421675831079483
0.20660904049873352
0.06990911
-0.058304287
-2.4467049
0.0
0.07546486705541611
0.48239755630493164
0.1554333120584488
0.07072707265615463
0.05947994068264961
0.2392423003911972
0.07458056509494781
0.06410614401102066
0.3954707384109497
0.20966888964176178
0.18917487561702728
0.40644970536231995
0.21796254813671112
0.1967565417289734
0.44837045669555664
0.2576042413711548
0.14233028888702393
0.20624233782291412
0.069968596
-0.058319606
-2.4469948
0.0
0.07483690977096558
0.48268914222717285
0.1550065129995346
0.07072623074054718
0.05947292223572731
0.23955877125263214
0.07489587366580963
0.06438559293746948
0.3954882025718689
0.20911461114883423
0.18867595493793488
0.40614941716194153
0.2177637219429016
0.19655703008174896
0.4472202956676483
0.2577836215496063
0.14240674674510956
0.20628133416175842
0.06998331
-0.05837548
-2.4466267
0.0
0.07407811284065247
0.4823707044124603
0.15469038486480713
0.07115760445594788
0.05983085185289383
0.23980307579040527
0.07550517469644547
0.0649179220199585
0.3952806890010834
0.20782236754894257
0.18750351667404175
0.40570971369743347
0.21781420707702637
0.19657565653324127
0.4459567070007324
0.2576678693294525
0.1427808701992035
0.2061174362897873
0.06995153
-0.058500405
-2.4453483
0.0
0.07328137010335922
0.48137277364730835
0.15472906827926636
0.07167550176382065
0.060263898223638535
0.240198016166687
0.07645140588283539
0.06575506925582886
0.39571017026901245
0.20676124095916748
0.18657265603542328
0.40569746494293213
0.2173091471195221
0.1961253136396408
0.4447396397590637
0.25758808851242065
0.14324131608009338
0.2061028629541397
0.06989275
-0.058628455
-2.4438546
0.0
0.07276094704866409
0.48109734058380127
0.15507791936397552
0.07205568999052048
0.060591574758291245
0.24056479334831238
0.07721087336540222
0.06642384827136993
0.39601266384124756
0.2060585916042328
0.18595951795578003
0.405438095331192
0.2169378250837326
0.19577845931053162
0.4439646601676941
0.2574383020401001
0.1436057835817337
0.20591901242733002
0.069713496
-0.058798056
-2.4411595
0.0
0.07161388546228409
0.47935324907302856
0.1559898406267166
0.072552390396595
0.06103290989995003
0.2407855987548828
0.07823416590690613
0.06730611622333527
0.3951486349105835
0.20594407618045807
0.18580923974514008
0.4038906991481781
0.21772730350494385
0.1964147537946701
0.4425570070743561
0.2569478750228882
0.14340448379516602
0.20505346357822418
0.0694116
-0.058905274
-2.4381123
0.0
0.07051589339971542
0.4784260392189026
0.1559426337480545
0.07370752841234207
0.06200242415070534
0.2411637306213379
0.0790686383843422
0.06803246587514877
0.39435479044914246
0.20655237138271332
0.18631413578987122
0.4029102623462677
0.21815375983715057
0.19674403965473175
0.4415331780910492
0.256767213344574
0.14286629855632782
0.20468254387378693
0.069182344
-0.05906544
-2.435131
0.0
0.06881967186927795
0.4773298501968384
0.15648207068443298
0.07433939725160599
0.06254356354475021
0.24134136736392975
0.07961536198854446
0.06850256770849228
0.3942663371562958
0.20720383524894714
0.18690142035484314
0.4020025432109833
0.2182721495628357
0.1968013495206833
0.43992823362350464
0.2564743757247925
0.14273352921009064
0.20428451895713806
0.068995364
-0.059226297
-2.4324434
0.0
0.06593352556228638
0.4747351109981537
0.1575668305158615
0.07438913732767105
0.06260552257299423
0.24192026257514954
0.07970300316810608
0.06859741359949112
0.39334410429000854
0.20897243916988373
0.18843872845172882
0.40209224820137024
0.2170540988445282
0.1957174837589264
0.43718600273132324
0.25610896944999695
0.14175599813461304
0.204978808760643
0.06876305
-0.059408925
-2.4292445
0.0
0.06474035233259201
0.47377529740333557
0.15832358598709106
0.07472281903028488
0.0629030093550682
0.24238109588623047
0.07920963317155838
0.06818398833274841
0.3920530378818512
0.2102728635072708
0.18954093754291534
0.4009062647819519
0.2173091471195221
0.1958780139684677
0.4363502860069275
0.25592702627182007
0.14078956842422485
0.20492199063301086
0.06849972
-0.059562232
-2.4260612
0.0
0.06431607902050018
0.472659707069397
0.15886668860912323
0.07512494176626205
0.06325192004442215
0.24272555112838745
0.0800279900431633
0.06890369951725006
0.39087891578674316
0.21095512807369232
0.1900884062051773
0.3996913433074951
0.21754953265190125
0.1960264891386032
0.43607112765312195
0.25559812784194946
0.14063996076583862
0.20439966022968292
0.06825853
-0.05967066
-2.4234056
0.0
0.06389832496643066
0.4710550606250763
0.15963946282863617
0.07480182498693466
0.06299680471420288
0.24302272498607635
0.08032790571451187
0.06916292756795883
0.39000141620635986
0.21208561956882477
0.1910572648048401
0.3973628282546997
0.2183791995048523
0.19663606584072113
0.4357911944389343
0.25526148080825806
0.14004939794540405
0.2036365270614624
0.06795473
-0.059728976
-2.4207025
0.0
0.06384509801864624
0.4706639051437378
0.16007643938064575
0.07483531534671783
0.06303088366985321
0.24276845157146454
0.08066222071647644
0.06944353133440018
0.3896740972995758
0.21164372563362122
0.1906512975692749
0.3963232934474945
0.21896526217460632
0.1970992535352707
0.43596455454826355
0.2547712028026581
0.14019492268562317
0.2030089646577835
0.06760876
-0.059755508
-2.417942
0.0
0.06435130536556244
0.47007787227630615
0.16023604571819305
0.07482414692640305
0.0630299374461174
0.2427307665348053
0.08091408014297485
0.06965366750955582
0.3892119228839874
0.2114029824733734
0.19041556119918823
0.3953377902507782
0.21891531348228455
0.1969960480928421
0.4366438388824463
0.25421836972236633
0.1402188092470169
0.20254963636398315
0.06725691
-0.059803884
-2.4149415
0.0
0.0649445578455925
0.46951502561569214
0.15983432531356812
0.07499060779809952
0.06316416710615158
0.24330195784568787
0.08207026869058609
0.07067560404539108
0.3891659080982208
0.21149584650993347
0.19049648940563202
0.3942469656467438
0.21862639486789703
0.19667358696460724
0.4370819628238678
0.25375959277153015
0.14026059210300446
0.2022608369588852
0.0669445
-0.059868142
-2.4120872
0.0
0.06528988480567932
0.4697412848472595
0.1597549021244049
0.07525903731584549
0.06338474154472351
0.24341079592704773
0.08215528726577759
0.07074731588363647
0.3890252709388733
0.21108971536159515
0.19013287127017975
0.3933495283126831
0.21818211674690247
0.19622255861759186
0.4371627867221832
0.25369712710380554
0.14020302891731262
0.20206640660762787
0.06662453
-0.0599123
-2.4093316
0.0
0.06560613214969635
0.4702022075653076
0.1596986949443817
0.07597701251506805
0.06398694217205048
0.2432747483253479
0.08171176165342331
0.07036091387271881
0.3883795142173767
0.2107705920934677
0.1898137480020523
0.39284756779670715
0.21804577112197876
0.19606749713420868
0.4372023344039917
0.25374463200569153
0.14001864194869995
0.2019728273153305
0.06625176
-0.059958335
-2.4061499
0.0
0.06606005877256393
0.4704609215259552
0.15945298969745636
0.0765933021903038
0.0645003616809845
0.24307869374752045
0.08121293038129807
0.06992292404174805
0.3880036175251007
0.21081359684467316
0.18982891738414764
0.3924333453178406
0.21788838505744934
0.19590343534946442
0.43739137053489685
0.253859281539917
0.13976344466209412
0.20188277959823608
