2.791959348409702724e-01
1.660291414351871275e-01
1.609067046325330486e+00
0.000000000000000000e+00
1.674059914804139348e-01
2.160505137345953564e-01
8.018264261051892550e-02
2.217640235869875742e-01
1.614823796103891651e-01
3.314563165421924307e-01
2.390201649691934827e-01
1.268715056769579574e-01
2.077955480178081127e-01
4.053905668596878287e-01
1.677389381334028207e-01
2.143893506893369549e-01
4.063398261832685820e-01
1.676202036422962394e-01
1.222372437802683870e-01
4.871833711758337682e-01
5.193731297363466393e-01
7.478079062230903740e-02
