1.893215836091379500e-01
2.980912468491504486e-01
2.322306089465421497e+00
0.000000000000000000e+00
1.810707443043830245e-01
2.046211742692563840e-01
2.539839446441532478e-01
4.257184851046715846e-01
2.627003808005052843e-01
2.711729357771082149e-01
4.280113121495746076e-01
2.600128120246877339e-01
1.807772048411414312e-01
3.324623643065141021e-01
1.543876039612435969e-01
1.687412808154987454e-01
3.307116053619448270e-01
1.526557397955086992e-01
4.284028978911434971e-01
1.512453467137613583e-01
2.182350950715863658e-01
6.336450916699543079e-02
