3.939601482229772578e-01
1.550921598659543710e-01
1.304766092333528693e+00
0.000000000000000000e+00
5.682436277675958491e-01
6.891815696949035175e-01
1.358979850196175843e+00
1.383966587169302986e+00
6.167009297178849270e-01
1.337886984878116525e+00
1.375309771911965573e+00
6.195851207524538662e-01
1.356002408514419777e+00
1.359008237305614930e+00
6.053744013193579354e-01
1.367383116500245466e+00
1.359885440137650781e+00
6.026990835865339013e-01
2.152128318779998217e+00
2.589280360750854104e-01
1.755382119822833376e-01
2.620207954467170808e-01
