3.559947730361409102e-01
2.965932485084282755e-01
1.997977939977189532e+00
0.000000000000000000e+00
1.467393381338364111e-01
2.496809567585575873e-01
1.107906291089310186e-01
1.540260424892415936e-01
6.523955007198481426e-02
1.503031340687197015e-01
1.535696490034138550e-01
6.887450172953737959e-02
1.438930266222711585e-01
1.858506283003982795e-01
7.974832399969367103e-02
1.306912331969630470e-01
1.844796359410356690e-01
7.905545428216462223e-02
2.294780427094833819e-01
1.009003638936109698e-01
9.668428412323767929e-02
7.032504781786190484e-02
