2.207357270474831490e-01
1.527746445670098985e-01
1.123673203287929523e+00
0.000000000000000000e+00
2.461196338848707643e-01
2.509920358267260232e-01
4.405975292160249634e-01
1.531750739091813640e-01
2.888376405924059087e-01
4.678271440431741590e-01
1.543943364253955730e-01
2.835906048721580364e-01
4.443823754395879178e-01
3.393930469236951519e-01
3.442833292205104145e-01
4.386752770136447266e-01
3.399392794442500088e-01
3.375008902402064082e-01
5.098935089638123586e-01
5.063991815888962966e-02
2.239819463925243892e-01
6.760188371141519215e-02
