2.120439331172891406e-01
1.809555811500018208e-01
1.863581576734719691e+00
0.000000000000000000e+00
2.222677718015186599e-01
2.284931697847503163e-01
2.995928059836088231e-01
2.847872864626493361e-01
1.925876985802033592e-01
3.101119806166299786e-01
2.842639223788117619e-01
1.878548131415302413e-01
3.382230579557881645e-01
2.898681935529792142e-01
1.690917556651108933e-01
3.161490806666554798e-01
2.879211590989608771e-01
1.647638341442387577e-01
3.662027594024923616e-01
6.286104801122217867e-02
1.360432330980481663e-01
7.284779188597832744e-02
