1.422649757516437075e-01
1.822818130197556286e-01
1.552462094547368610e+00
0.000000000000000000e+00
1.618785896360800391e-01
2.882626178663257321e-01
6.408010038103835460e-02
2.992411316224255491e-01
2.379048349866992040e-01
9.550365349878563170e-02
2.911551429585942374e-01
2.260195522889000830e-01
1.684387960555254471e-01
3.428024653179163050e-01
2.628408817233522932e-01
1.642724457616444311e-01
3.340417465147674791e-01
2.574968954938564591e-01
2.330748200980928830e-01
5.656244377383008726e-02
7.908594880904838698e-02
5.553743820712014889e-02
