3.577860022097716364e-01
2.075546986016706952e-01
1.742413507028520492e+00
0.000000000000000000e+00
2.590061407366159862e-01
3.367032435060764994e-01
9.853482472205211951e-02
2.335606154311275495e-01
1.940900063517632113e-01
1.323376384596652022e-01
2.348663357396387763e-01
1.946267048243079945e-01
3.616785997239475581e-01
2.813969281241639475e-01
1.429581894704813894e-01
3.568884784768237006e-01
2.403033144266947529e-01
1.285603498978980241e-01
1.442040189974003739e-01
7.428377130066185496e-02
4.242473828821948234e-01
9.939932385819638672e-02
