1.684246279994646711e-01
8.430218082245424793e-02
3.769361774226029360e-01
0.000000000000000000e+00
4.253115831067165176e-01
2.203798236972652203e-01
1.106149935121337524e+00
9.561405087957781657e-01
4.815439513760308987e-01
1.126331163406371960e+00
9.840826616088550471e-01
4.895350464818378211e-01
1.205911477078994043e+00
9.765465598677596226e-01
4.617728544895847720e-01
1.205796170681714852e+00
9.823331399063269798e-01
4.691110815778374299e-01
1.785236600637435833e+00
2.450464528873562697e-01
1.980244000107050095e-01
2.652021909190032112e-01
