3.296493962801557709e-01
2.180282958936863857e-01
2.272538885121020868e+00
0.000000000000000000e+00
1.368115461966640523e-01
2.120610581438055475e-01
3.809477295582726075e-01
4.022789421029964174e-01
2.260005499515366501e-01
4.195148278962005373e-01
4.064878462843785067e-01
2.350759170745135851e-01
4.036775030941791020e-01
3.648633467378923356e-01
1.783458342072253011e-01
3.819321462973094272e-01
3.621876256482771117e-01
1.806990033525716632e-01
6.614940014839313376e-01
7.084924183985830126e-02
1.306823208616490206e-01
9.627510677526048000e-02
