2.214410119655830234e-01
2.005098732976005604e-01
1.880769140115932103e+00
0.000000000000000000e+00
1.982267755853972802e-01
4.145973996908504100e-01
1.674753709997112427e-01
1.383026753957294075e-01
9.171918662358014007e-02
8.048273440511848065e-02
6.405765072394592474e-02
5.592042742323797416e-02
1.122500041378562963e-01
5.602617671918909414e-02
4.937850076868044447e-02
7.209458449378051970e-02
4.970734305474204529e-02
4.389027379310731641e-02
1.869941991443730689e-01
2.370390281861207982e-01
3.758115857458921988e-02
4.146407855838914885e-02
