2.161332057826274300e-01
1.582834225411277052e-01
2.059128516341808712e+00
0.000000000000000000e+00
2.346297035583576607e-01
2.867218741466769361e-01
4.019837404953675031e-01
4.002793193883170120e-01
2.637644489392909075e-01
3.988635818800513877e-01
3.969959370832237822e-01
2.609688386067488541e-01
3.904252755650096107e-01
3.097265424621779006e-01
2.399578272108339183e-01
3.709640485097692175e-01
3.121542211458033789e-01
2.379935580810766393e-01
5.228865752320842608e-01
8.276396942936477263e-02
2.861425330857945148e-01
3.268264277076475544e-02
