4.337334139169090053e-01
1.298573096592351706e-01
1.630966765748130154e+00
0.000000000000000000e+00
1.474519995436033293e-01
3.704343385642601683e-01
3.511518154210514497e-01
1.696276320061749776e-01
1.259532355868981657e-01
1.350158172233236975e+00
1.242496827095746825e+00
5.580294040631915697e-01
1.364374217208888185e+00
1.236312508707245295e+00
5.502030484585298531e-01
1.373550075259473591e+00
1.237172816619277249e+00
5.478446981186667619e-01
1.042705715497334706e+00
2.201581301192442552e+00
1.458484171206752555e-01
2.415352751521600838e-01
