2.512885332457118204e-01
1.912433854286787194e-01
2.091679364965368659e+00
0.000000000000000000e+00
7.210123083946579081e-02
1.916849180095898941e-01
1.233117084488817017e-01
3.345103913354083996e-02
2.810325091246305973e-02
1.155310161839246397e-01
2.961436632543765768e-01
1.369591542928989825e-01
1.254806326070308509e-01
2.940766227109793962e-01
1.356378262962874004e-01
1.266661876753942539e-01
2.931540850331709747e-01
1.348452957556577347e-01
1.887956674039799054e-01
3.694485257934491118e-01
5.594668955907090152e-02
6.836474639088931105e-02
