3.437187563798135836e-01
1.083346749500681966e-01
6.576374202304415828e-01
0.000000000000000000e+00
5.043222452224775942e-01
4.057682858567892015e-01
3.592742560183008749e-01
5.869354493295153574e-02
4.426221900309125490e-02
3.180842935285666528e-01
1.041054325643926692e-01
6.909620543527934811e-02
1.107900123902492817e+00
1.198660174008045143e+00
6.141684607613003832e-01
1.142380355306797490e+00
1.198857104389203787e+00
6.046061482539194509e-01
4.092466149603327108e-01
1.668218313514565343e-01
1.907556426862461629e+00
1.721042166629599413e-01
