2.943309813251842599e-01
3.167908325788947876e-01
2.225800537499491139e+00
0.000000000000000000e+00
2.117247732411583205e-01
1.631347902459792387e-01
1.308021975844063656e-01
2.984209170399487743e-02
2.490127842254658344e-02
2.233190445454197315e-01
2.099489907926794519e-01
1.144388255192751308e-01
2.622980959948862933e-01
4.270897470702300636e-01
2.299979336282887421e-01
2.530426091433065627e-01
4.275724213308136901e-01
2.258216602199975553e-01
1.254529531205172965e-01
3.727069041356534940e-01
5.179394360497379113e-01
7.956878008005427438e-02
